MOEGLICH
264

248
S 1 19 10 [9 1] [10 2] 20 30 [28 3] [29 4] 20 10 21 [35 5] 11 [39 6] [11 7] 35 21 10 [19 8] [1 9] 19 10 [20 10] 10 [21 11] 35 11 [26 12] 11 [12 13] [38 14] 12 15 8 [45 15] 8 15 12 38 37 T
296
9 11 3 [2 1] 3 42 18 [10 2] 20 30 [28 3] [29 4] 20 10 21 [35 5] 11 [39 6] [11 7] 35 21 10 [19 8] [1 9] 19 10 [20 10] 10 [21 11] 35 11 [26 12] 11 [12 13] [38 14] 12 15 8 [45 15] 8 15 12 38 37 T
270
10 20 27 [13 2] 27 20 30 [28 3] [29 4] 20 10 21 [35 5] 11 [39 6] [11 7] 35 21 10 [19 8] [1 9] 19 10 [20 10] 10 [21 11] 35 11 [26 12] 11 [12 13] [38 14] 12 15 8 [45 15] 8 15 12 38 37 T
270
28 30 32 [31 3] [23 4] 31 17 10 21 [35 5] 11 [39 6] [11 7] 35 21 10 [19 8] [1 9] 19 10 [20 10] 10 [21 11] 35 11 [26 12] 11 [12 13] [38 14] 12 15 8 [45 15] 8 15 12 38 37 T
298
29 20 10 17 31 [23 4] 31 17 10 21 [35 5] 11 [39 6] [11 7] 35 21 10 [19 8] [1 9] 19 10 [20 10] 10 [21 11] 35 11 [26 12] 11 [12 13] [38 14] 12 15 8 [45 15] 8 15 12 38 37 T
292
35 11 12 15 [6 5] [37 6] T 39 [11 7] 35 21 10 [19 8] [1 9] 19 10 [20 10] 10 [21 11] 35 11 [26 12] 11 [12 13] [38 14] 12 15 8 [45 15] 8 15 12 38 37 T
270
39 11 [25 6] [11 7] 35 21 10 [19 8] [1 9] 19 10 [20 10] 10 [21 11] 35 11 [26 12] 11 [12 13] [38 14] 12 15 8 [45 15] 8 15 12 38 37 T
264
11 35 21 10 [18 7] 10 [19 8] [1 9] 19 10 [20 10] 10 [21 11] 35 11 [26 12] 11 [12 13] [38 14] 12 15 8 [45 15] 8 15 12 38 37 T
284
19 [46 8] 19 [1 9] 19 10 [20 10] 10 [21 11] 35 11 [26 12] 11 [12 13] [38 14] 12 15 8 [45 15] 8 15 12 38 37 T
283
1 19 10 17 [32 9] 30 [20 10] 10 [21 11] 35 11 [26 12] 11 [12 13] [38 14] 12 15 8 [45 15] 8 15 12 38 37 T
284
20 10 21 [16 10] [21 11] 35 11 [26 12] 11 [12 13] [38 14] 12 15 8 [45 15] 8 15 12 38 37 T
261
21 35 [36 11] 41 42 T 37 38 [47 12] 38 [12 13] [38 14] 12 15 8 [45 15] 8 15 12 38 37 T
264
26 11 12 38 [47 12] 38 [12 13] [38 14] 12 15 8 [45 15] 8 15 12 38 37 T
304
12 9 10 20 [27 13] 20 10 9 12 [38 14] 12 15 8 [45 15] 8 15 12 38 37 T
276
38 12 15 8 [40 14] 8 [45 15] 8 15 12 38 37 T
252
45 8 15 12 38 37 T 42 [3 15] 42 T

