1540
100
10 5 2 10 2 9 7 4 9 4 4 10 8 2 10 7 8 8 3 10 7 6 10 8 7 2 9 6 3 5 6 5 4 7 4 7 5 9 9 5 7 6 10 9 7 8 6 4 3 9 6 7 10 6 10 9 3 6 5 2 3 7 4 6 10 7 7 6 5 2 3 7 6 9 9 7 7 9 4 8 5 3 7 4 3 8 5 5 7 9 2 5 5 2 7 8 5 8 10 6
629
1 23
2 28
3 46
4 56
5 58
6 91
7 1
8 7
9 9
10 21
11 24
12 51
13 75
14 86
15 95
16 1
17 20
18 38
19 68
20 74
21 1
22 4
23 6
24 7
25 22
26 23
27 32
28 58
29 73
30 1
31 1
32 39
33 44
34 57
35 65
36 77
37 79
38 1
39 6
40 9
41 17
42 47
43 86
44 93
45 1
46 9
47 95
48 1
49 24
50 33
51 54
52 59
53 93
54 1
55 4
56 14
57 15
58 25
59 46
60 73
61 75
62 90
63 1
64 2
65 23
66 25
67 49
68 55
69 38
70 39
71 55
72 78
73 85
74 2
75 9
76 13
77 20
78 31
79 56
80 100
81 2
82 44
83 81
84 86
85 99
86 2
87 4
88 18
89 23
90 26
91 38
92 41
93 42
94 53
95 23
96 32
97 47
98 64
99 71
100 79
101 2
102 11
103 50
104 72
105 76
106 3
107 52
108 64
109 75
110 78
111 86
112 90
113 3
114 21
115 42
116 64
117 15
118 78
119 80
120 62
121 71
122 95
123 66
124 4
125 4
126 5
127 23
128 39
129 54
130 85
131 88
132 4
133 15
134 65
135 88
136 4
137 8
138 32
139 66
140 96
141 100
142 37
143 4
144 4
145 30
146 76
147 83
148 62
149 92
150 4
151 13
152 27
153 67
154 5
155 18
156 43
157 68
158 100
159 30
160 40
161 45
162 52
163 53
164 6
165 11
166 49
167 58
168 6
169 14
170 24
171 66
172 93
173 6
174 20
175 81
176 96
177 98
178 6
179 10
180 23
181 96
182 16
183 40
184 57
185 6
186 21
187 42
188 72
189 75
190 6
191 15
192 45
193 62
194 74
195 6
196 31
197 40
198 42
199 53
200 55
201 95
202 68
203 7
204 84
205 87
206 7
207 11
208 83
209 7
210 30
211 69
212 74
213 7
214 18
215 60
216 79
217 28
218 46
219 54
220 90
221 99
222 100
223 58
224 69
225 75
226 7
227 17
228 27
229 93
230 8
231 35
232 38
233 56
234 71
235 8
236 16
237 23
238 25
239 54
240 59
241 70
242 82
243 9
244 17
245 47
246 66
247 80
248 94
249 8
250 22
251 31
252 50
253 55
254 65
255 18
256 51
257 65
258 9
259 16
260 9
261 67
262 9
263 40
264 65
265 65
266 84
267 17
268 43
269 54
270 92
271 18
272 35
273 74
274 83
275 87
276 9
277 25
278 43
279 44
280 80
281 83
282 92
283 48
284 98
285 10
286 55
287 10
288 15
289 45
290 50
291 78
292 12
293 12
294 44
295 10
296 41
297 96
298 97
299 17
300 37
301 50
302 99
303 15
304 43
305 11
306 18
307 22
308 27
309 12
310 98
311 12
312 46
313 37
314 38
315 48
316 55
317 80
318 12
319 20
320 12
321 49
322 56
323 88
324 12
325 41
326 44
327 53
328 12
329 28
330 46
331 89
332 16
333 20
334 98
335 12
336 34
337 81
338 12
339 21
340 28
341 36
342 13
343 36
344 63
345 63
346 78
347 92
348 13
349 22
350 58
351 94
352 27
353 44
354 63
355 39
356 54
357 64
358 13
359 61
360 97
361 13
362 76
363 86
364 13
365 57
366 66
367 72
368 13
369 20
370 35
371 48
372 95
373 89
374 99
375 50
376 53
377 59
378 73
379 15
380 42
381 77
382 15
383 78
384 15
385 44
386 24
387 15
388 68
389 80
390 65
391 77
392 16
393 95
394 26
395 30
396 29
397 43
398 55
399 66
400 16
401 27
402 39
403 56
404 61
405 64
406 16
407 17
408 19
409 87
410 34
411 78
412 89
413 17
414 41
415 82
416 83
417 68
418 78
419 32
420 86
421 17
422 56
423 59
424 51
425 98
426 99
427 99
428 28
429 79
430 44
431 75
432 77
433 18
434 55
435 38
436 46
437 52
438 76
439 43
440 51
441 73
442 78
443 18
444 25
445 28
446 38
447 87
448 19
449 48
450 67
451 19
452 46
453 45
454 84
455 20
456 34
457 67
458 81
459 43
460 56
461 62
462 20
463 39
464 98
465 53
466 63
467 34
468 72
469 80
470 20
471 74
472 20
473 50
474 83
475 88
476 75
477 85
478 58
479 52
480 77
481 21
482 27
483 82
484 89
485 21
486 56
487 41
488 52
489 37
490 59
491 76
492 21
493 52
494 62
495 22
496 96
497 37
498 99
499 22
500 50
501 23
502 73
503 86
504 97
505 99
506 35
507 30
508 69
509 23
510 53
511 27
512 72
513 24
514 90
515 24
516 90
517 24
518 66
519 96
520 24
521 39
522 62
523 100
524 33
525 99
526 25
527 36
528 90
529 90
530 31
531 25
532 89
533 91
534 87
535 67
536 27
537 51
538 65
539 97
540 50
541 27
542 39
543 47
544 67
545 74
546 80
547 89
548 45
549 64
550 67
551 89
552 43
553 29
554 53
555 29
556 47
557 74
558 36
559 90
560 31
561 72
562 93
563 31
564 53
565 38
566 80
567 90
568 32
569 98
570 33
571 33
572 55
573 88
574 34
575 34
576 74
577 75
578 95
579 34
580 97
581 53
582 69
583 99
584 36
585 36
586 77
587 47
588 36
589 46
590 55
591 38
592 69
593 70
594 51
595 68
596 43
597 39
598 40
599 41
600 41
601 42
602 43
603 86
604 60
605 61
606 44
607 45
608 45
609 100
610 74
611 98
612 62
613 83
614 96
615 50
616 52
617 76
618 56
619 96
620 73
621 65
622 65
623 76
624 81
625 75
626 72
627 92
628 77
629 84
1734
S 1 18
S 2 7
S 3 16
S 4 13
S 5 4
S 6 10
7 8 20
7 9 13
7 10 10
7 11 2
7 12 11
7 13 18
7 14 10
7 15 10
16 17 18
16 18 4
16 19 17
16 20 8
21 22 15
21 23 4
21 24 20
21 25 14
21 26 12
21 27 19
21 28 6
21 29 6
30 31 12
30 32 16
30 33 1
30 34 8
30 35 9
30 36 6
30 37 19
38 39 19
38 40 6
38 41 8
38 42 19
38 43 18
38 44 6
31 45 20
31 46 18
31 47 1
48 49 2
48 50 3
48 51 14
48 52 4
48 53 20
54 55 3
54 56 10
54 57 2
54 58 9
54 59 8
54 60 14
54 61 8
54 62 8
63 64 18
63 65 16
63 66 13
63 67 9
63 68 10
45 64 19
45 65 3
45 69 6
45 70 14
45 71 18
45 72 4
45 73 17
74 75 1
74 76 13
74 77 5
74 66 14
74 78 7
74 79 20
74 80 4
81 22 3
81 82 6
81 83 3
81 84 2
81 85 19
86 87 10
86 88 12
86 89 15
86 90 7
86 91 5
86 92 18
86 93 19
86 94 6
64 95 17
64 96 5
64 97 6
64 98 2
64 99 7
64 100 16
101 102 14
101 103 9
101 94 14
101 104 14
101 105 19
106 107 1
106 108 5
106 29 11
106 109 6
106 110 5
106 111 13
106 112 4
106 80 20
113 114 8
113 115 3
113 12 9
113 108 11
113 116 13
22 117 20
22 118 7
22 119 12
55 120 14
55 121 2
55 122 10
87 123 9
124 125 13
124 126 12
124 127 7
124 128 7
124 129 20
124 130 9
124 111 13
124 131 7
132 133 13
132 11 20
132 49 7
132 79 7
132 28 2
132 134 2
132 83 10
132 135 12
136 137 6
136 138 13
136 52 6
136 139 4
136 140 2
136 141 18
125 25 9
125 58 9
125 142 3
143 144 20
143 26 10
143 145 17
143 146 12
143 147 13
144 59 16
144 148 2
144 149 16
150 137 9
150 151 16
150 76 5
150 152 14
150 108 9
150 153 11
154 155 4
154 156 3
154 157 5
154 43 10
154 85 5
154 158 13
126 159 13
126 160 1
126 161 6
126 162 9
126 163 1
164 165 19
164 166 8
164 167 15
168 169 10
168 170 19
168 171 10
168 172 11
173 57 9
173 174 6
173 96 5
173 52 4
173 175 1
173 131 5
173 176 6
173 177 10
178 179 5
178 180 1
178 181 16
23 182 11
23 183 7
23 184 17
185 186 10
185 50 10
185 187 10
185 188 10
185 189 14
190 191 10
190 192 11
190 193 9
190 194 6
195 196 15
195 197 9
195 198 17
195 199 19
195 200 6
195 201 15
39 17 5
39 98 9
39 202 18
203 103 2
203 118 10
203 204 15
203 205 10
203 176 17
206 207 6
206 155 18
206 79 12
206 121 20
206 20 2
206 208 12
209 207 12
209 210 20
209 161 15
209 211 14
209 212 20
213 214 3
213 215 11
213 211 17
213 216 6
24 217 19
24 218 18
24 219 7
24 220 18
24 85 13
24 221 19
24 222 19
8 2 14
8 4 11
8 223 11
8 224 7
8 60 2
8 225 1
8 13 4
226 227 6
226 228 19
226 229 8
230 96 6
230 231 15
230 232 13
230 187 16
230 162 12
230 233 11
230 234 6
235 236 16
235 237 17
235 238 12
235 239 10
235 240 19
235 241 2
235 242 18
137 243 12
137 244 2
137 245 17
137 246 3
137 247 9
137 248 6
249 243 14
249 69 14
249 68 8
75 250 12
75 251 18
75 142 2
75 252 17
75 253 2
75 254 6
75 247 9
243 255 4
243 155 6
243 187 9
243 33 2
243 256 1
243 257 4
258 259 12
258 138 20
258 254 4
258 61 2
258 14 6
258 140 13
260 9 9
260 261 19
260 53 5
262 89 2
262 263 5
262 264 19
262 265 1
262 266 3
9 267 13
9 268 10
9 269 10
9 270 2
46 271 9
46 11 15
46 272 17
46 273 5
46 242 15
46 274 9
46 275 14
46 177 14
276 170 9
276 277 17
276 198 19
276 278 17
276 279 19
276 192 15
276 134 3
276 280 7
276 281 6
276 282 1
40 283 11
40 269 5
40 261 9
40 110 5
40 284 15
285 191 16
285 186 10
285 286 5
285 175 19
287 288 20
287 289 8
287 290 2
287 233 17
287 98 10
287 291 7
179 292 8
179 293 10
179 294 18
179 51 13
179 29 15
295 95 3
295 296 19
295 211 17
295 274 8
295 297 7
295 298 12
165 299 2
165 300 16
165 115 10
165 301 20
165 111 12
165 302 11
102 151 20
102 303 19
102 304 14
102 245 4
305 306 1
305 307 5
305 308 10
305 188 19
207 227 4
207 127 1
207 239 5
207 28 4
309 238 12
309 239 6
309 219 8
309 14 9
309 310 1
311 312 13
292 267 12
292 313 11
292 314 16
292 156 3
292 315 20
292 316 20
292 317 7
318 319 14
320 321 4
320 322 5
320 323 20
324 325 3
324 92 15
324 268 9
324 326 14
324 245 14
324 327 9
324 253 15
328 293 17
328 237 2
328 329 13
328 330 1
328 331 2
328 141 13
293 332 3
293 333 14
293 90 11
293 286 6
293 120 3
293 334 14
335 336 15
335 337 20
335 140 14
338 339 8
338 340 10
338 341 4
338 6 18
342 343 3
342 344 7
342 345 3
342 13 6
342 346 10
342 275 20
342 347 12
348 227 5
348 349 14
348 196 10
348 350 6
348 171 17
348 351 8
151 352 13
151 18 8
151 353 17
151 354 6
151 275 19
76 90 4
76 355 14
76 356 12
76 357 16
76 105 12
76 297 15
358 359 4
358 360 19
361 362 1
361 147 18
361 363 9
364 365 18
364 366 19
364 367 9
364 274 7
364 229 9
368 271 7
368 174 5
368 369 14
368 370 2
368 91 4
368 51 17
169 77 6
169 228 20
169 304 16
169 371 17
169 103 3
169 246 9
56 300 1
56 282 18
56 372 4
117 373 12
117 374 12
191 160 2
191 375 15
191 376 17
191 377 14
133 97 5
133 219 10
133 34 20
133 378 17
379 65 7
379 380 17
379 108 19
379 381 3
379 220 17
382 114 5
382 68 15
382 383 16
382 172 19
384 244 8
384 385 8
384 103 4
288 66 16
288 34 10
288 275 16
303 386 1
303 355 11
303 371 17
387 321 16
387 388 9
387 234 15
387 389 14
57 50 7
57 176 15
236 95 17
236 296 20
236 192 16
236 283 15
236 390 15
236 391 13
236 181 11
392 317 4
182 96 8
182 314 20
182 215 11
182 254 5
182 241 3
182 393 4
332 114 3
332 394 1
332 395 5
332 321 19
332 269 1
332 381 3
332 158 2
259 396 3
259 313 10
259 397 3
259 398 10
259 350 15
259 264 12
259 399 4
259 310 10
400 401 15
400 314 3
400 402 4
400 403 1
400 404 11
400 405 8
400 346 7
400 112 15
406 407 20
406 408 9
406 307 8
406 370 8
406 409 14
244 410 3
244 264 19
244 411 19
244 412 10
413 319 9
413 96 11
413 414 13
413 97 5
413 415 19
413 416 2
413 177 17
267 170 17
267 355 8
267 417 1
41 308 3
41 210 3
41 326 20
41 67 14
41 418 1
41 220 6
41 T 16
407 419 3
407 197 14
407 420 10
421 307 2
421 294 11
421 422 18
421 423 8
227 424 19
227 280 18
227 425 20
227 426 4
227 427 10
299 180 17
299 237 2
299 428 13
299 197 12
299 224 9
299 29 4
299 429 9
306 319 7
306 430 9
306 193 1
306 431 5
306 432 15
433 434 5
433 T 4
214 307 14
214 300 18
214 198 17
271 349 11
271 69 13
271 171 17
271 83 6
271 201 1
255 329 3
255 435 18
255 436 19
255 67 13
255 437 2
255 438 11
255 140 6
88 439 11
88 192 16
88 424 7
88 440 11
88 94 9
88 184 11
88 441 19
88 442 17
88 110 6
88 270 19
443 444 8
443 111 15
155 445 6
155 446 8
155 268 15
155 82 1
155 447 5
448 329 13
448 215 4
408 340 20
408 289 11
408 449 12
408 450 18
408 234 6
408 351 9
408 15 17
451 25 10
451 95 17
451 452 17
451 423 20
451 84 1
451 409 9
333 314 12
333 453 2
333 216 18
333 454 10
455 456 18
455 403 12
455 457 5
455 19 19
455 441 4
455 109 19
455 189 19
455 458 12
319 251 7
319 459 3
319 460 19
319 461 15
319 317 1
462 463 4
462 3 8
462 317 14
462 373 14
462 62 2
462 464 4
174 279 5
174 465 1
174 327 18
174 466 17
174 354 14
174 147 5
17 395 4
17 467 12
17 468 19
17 60 3
17 469 17
470 471 15
472 341 14
472 326 10
472 473 1
472 474 19
472 475 15
472 427 6
369 254 14
369 123 9
369 476 11
369 477 4
77 394 8
77 90 19
77 336 2
77 463 4
77 478 19
339 231 8
339 69 20
339 289 7
339 479 20
339 480 3
481 482 4
481 159 8
481 321 8
481 479 5
481 28 4
481 483 4
481 484 3
481 412 12
485 294 13
485 465 17
485 478 2
485 366 19
485 80 17
186 340 20
186 486 14
186 457 12
10 487 1
10 330 3
10 488 13
10 359 14
10 442 8
10 83 3
10 447 2
114 489 10
114 59 19
114 490 1
114 491 2
114 415 8
492 493 15
492 34 7
492 494 13
495 473 1
495 257 10
495 43 7
307 315 19
307 398 15
307 71 9
307 496 8
250 340 8
250 494 17
250 98 9
250 20 13
349 89 1
349 32 17
349 289 13
349 153 6
349 83 20
25 497 2
25 278 10
25 498 17
499 196 5
499 325 11
499 59 11
499 12 7
499 193 8
499 383 7
499 331 11
180 198 5
180 371 19
180 493 18
180 405 9
180 280 19
237 58 11
237 92 9
237 500 6
237 327 16
237 134 9
237 104 4
237 205 15
501 502 17
501 458 14
501 503 7
501 229 14
501 504 8
127 300 9
127 505 12
65 506 16
65 261 2
65 130 18
65 229 7
26 507 13
26 252 8
26 405 11
95 419 6
95 304 6
95 316 12
95 508 8
509 32 9
509 156 17
509 390 3
509 234 19
509 111 17
89 138 19
89 510 7
89 94 2
89 175 9
89 270 7
1 511 3
1 420 18
1 284 6
170 487 2
170 115 19
170 161 19
170 13 7
170 280 20
11 325 3
11 193 1
11 265 18
11 512 15
11 83 11
49 196 15
49 487 8
49 449 16
49 490 5
49 266 11
513 294 18
513 286 9
513 148 4
513 175 4
513 112 5
513 514 4
513 201 8
515 322 1
515 98 19
515 100 6
515 516 1
517 52 13
517 518 7
517 519 15
517 360 9
520 251 15
520 521 9
520 522 12
520 146 12
520 47 15
520 523 18
386 524 5
386 312 20
386 525 18
526 527 4
526 92 1
526 135 10
526 528 6
526 201 4
277 370 2
277 232 10
277 32 14
277 294 14
277 416 18
277 529 19
238 530 5
238 13 1
238 491 8
66 123 20
66 518 2
531 532 20
531 533 20
58 356 13
58 422 12
58 431 18
58 44 16
444 192 9
394 300 6
394 52 4
394 188 10
394 118 11
394 534 9
90 268 19
90 365 19
90 535 13
536 530 3
536 410 11
536 537 18
536 246 13
536 270 16
152 138 1
152 343 7
152 538 15
152 241 3
152 389 14
308 200 1
308 466 4
308 273 6
308 442 17
308 539 8
308 222 16
482 343 1
482 540 8
482 242 13
482 519 14
352 497 6
352 459 2
352 224 12
352 176 12
352 496 13
541 435 16
541 500 16
541 528 8
228 396 11
228 542 6
228 543 12
228 356 2
228 544 3
228 73 11
511 200 18
511 545 7
511 438 16
511 477 3
401 449 8
401 546 3
428 37 2
428 547 5
2 289 7
2 548 9
2 163 8
2 275 4
2 516 2
2 533 5
445 549 18
445 550 10
445 551 17
445 484 15
340 210 3
340 500 18
340 404 15
329 14 1
217 552 19
217 424 11
217 105 3
217 480 11
217 291 13
553 159 13
553 430 15
553 554 11
553 346 15
555 465 10
555 60 18
555 438 1
555 393 3
396 314 10
396 556 10
396 290 15
396 535 12
395 557 11
395 172 7
145 558 11
145 350 12
145 302 1
159 341 1
159 434 5
159 442 9
159 204 13
159 559 20
210 510 13
210 212 16
507 257 9
78 402 20
78 375 6
78 546 10
78 539 14
196 193 20
196 557 14
196 491 15
196 220 7
560 156 17
560 297 12
560 334 15
560 302 7
530 166 12
530 561 8
530 175 8
530 62 12
530 562 14
530 80 4
251 18 6
251 500 17
563 341 14
563 312 1
563 564 12
563 522 12
563 116 17
563 538 7
27 129 7
27 422 20
27 19 9
96 565 20
96 437 15
138 508 16
138 72 6
138 566 19
138 83 2
138 567 5
138 15 8
568 460 17
419 279 5
419 561 19
419 37 1
419 569 10
419 498 19
419 505 16
570 167 12
570 416 18
570 T 20
571 200 6
571 399 15
571 37 16
524 566 9
524 360 5
524 427 10
50 572 6
50 478 17
50 405 5
50 104 19
50 573 13
456 479 20
456 494 10
456 141 5
574 289 7
574 5 5
574 362 3
575 232 3
575 72 10
410 576 4
410 181 15
467 577 20
467 578 19
467 504 9
579 252 15
579 366 12
579 580 7
336 430 12
336 426 9
506 315 10
506 581 19
506 399 6
506 582 15
506 121 1
231 550 10
231 393 17
231 T 4
370 115 1
370 397 1
370 424 1
370 108 18
370 583 3
272 584 4
272 70 1
272 422 7
272 442 18
272 100 10
343 585 13
343 538 4
343 496 19
585 366 8
585 544 6
585 323 13
585 131 9
341 325 12
527 312 11
527 586 13
527 578 19
558 326 20
558 587 8
558 337 11
584 424 5
584 508 19
584 248 4
584 426 9
588 163 4
588 171 3
588 211 1
588 110 16
588 546 16
489 385 13
489 327 8
489 404 15
489 391 16
313 161 6
313 452 10
313 51 6
313 157 9
313 188 11
142 435 8
142 160 9
142 312 5
142 589 14
142 590 8
497 576 8
446 69 16
446 500 2
446 359 4
446 35 18
591 518 1
591 425 9
314 556 10
314 42 3
314 554 17
69 567 19
565 479 14
565 246 18
435 376 16
435 5 9
91 94 18
91 359 19
91 592 20
91 412 2
91 141 20
18 593 1
18 337 17
232 28 18
232 116 6
232 476 2
232 491 16
232 347 12
128 439 20
128 594 7
128 264 13
128 595 12
128 569 17
128 523 15
128 T 13
542 596 7
542 326 9
542 449 13
542 60 4
463 414 1
463 327 8
463 538 12
463 583 5
597 116 8
597 100 10
597 111 13
32 296 11
32 554 5
32 590 11
32 403 6
32 28 16
32 498 9
355 289 3
355 399 6
355 417 9
402 371 9
402 199 8
402 350 11
402 153 2
70 278 8
70 432 13
70 141 3
521 33 20
521 589 11
521 290 20
521 344 15
521 549 17
598 487 8
598 376 8
183 286 17
183 188 1
197 312 4
197 371 17
197 554 10
197 98 16
197 544 1
160 376 20
263 283 8
263 434 1
263 322 11
599 486 9
599 100 13
600 97 5
600 12 19
600 372 17
296 312 2
296 218 9
296 371 3
296 580 6
325 198 13
325 162 20
325 460 7
92 188 5
92 43 19
92 464 18
414 257 7
414 442 9
380 518 20
380 508 15
198 204 17
93 486 18
93 5 8
93 373 2
187 269 2
187 215 5
187 254 5
187 502 10
187 282 14
115 278 2
115 245 13
115 51 6
115 269 6
115 372 5
601 436 14
601 449 6
601 538 14
596 122 7
397 289 9
397 233 6
397 158 17
304 269 5
304 239 17
156 590 2
156 266 8
602 33 4
602 274 5
602 603 4
552 240 3
552 405 7
552 157 1
552 211 17
439 218 8
439 604 8
439 261 2
439 545 17
268 512 10
268 393 2
459 441 12
278 301 9
278 390 19
278 551 1
278 85 10
430 605 1
430 202 11
430 61 15
430 346 2
430 222 13
606 346 18
606 529 14
294 12 12
294 73 10
294 514 5
82 587 3
82 223 20
82 275 2
353 171 4
353 595 20
353 374 17
279 321 20
279 403 8
279 468 17
385 403 7
33 556 10
33 36 6
33 566 15
33 416 10
161 239 13
161 20 16
161 172 16
192 488 2
192 474 10
289 362 18
289 409 9
289 567 19
607 518 17
607 557 14
607 474 15
607 454 2
607 T 11
608 473 18
608 94 17
608 273 19
608 609 10
453 71 6
453 494 5
453 390 16
453 610 1
453 337 10
453 297 3
453 504 19
548 219 3
548 233 14
548 522 13
548 208 6
312 391 15
312 242 19
312 229 12
3 330 13
3 488 6
3 107 4
452 592 7
452 367 14
452 573 5
330 240 4
330 441 6
330 110 6
330 567 13
589 466 19
59 218 6
59 261 17
59 347 11
59 505 11
218 605 4
218 345 19
218 265 18
218 566 7
436 422 19
436 474 14
97 610 19
97 431 14
97 62 14
543 449 4
543 344 4
543 134 4
543 546 12
543 409 16
543 611 19
543 523 19
587 460 4
587 431 13
556 550 13
556 578 4
245 612 5
245 613 9
245 147 13
42 582 16
42 471 10
42 516 18
371 13 5
371 412 11
283 432 20
283 412 6
283 529 13
283 270 19
283 614 3
315 581 4
449 270 14
166 184 10
166 223 4
321 493 16
321 322 10
321 73 9
321 374 11
67 286 11
67 345 11
67 551 7
301 479 2
301 519 13
290 437 1
290 253 17
290 322 19
290 20 6
615 71 15
615 412 5
615 498 17
540 376 12
540 544 6
540 539 10
252 378 7
252 346 12
252 147 2
252 181 6
252 158 1
473 256 7
473 357 11
473 383 2
473 533 20
500 354 18
103 416 10
103 559 18
375 356 7
375 157 17
375 104 6
375 274 14
594 79 18
594 425 5
12 581 18
12 416 12
424 119 17
256 199 12
537 5 8
537 282 7
437 354 3
437 241 8
488 234 20
488 533 20
488 583 5
479 223 7
479 362 11
107 493 8
107 100 14
107 483 4
107 360 14
107 284 6
107 221 2
493 129 18
493 590 10
493 420 7
493 484 1
162 119 14
616 108 13
616 20 16
616 614 2
616 221 16
376 123 4
465 51 8
465 551 16
554 68 13
554 549 14
554 617 9
554 475 7
581 498 19
327 476 14
163 381 2
163 383 10
163 360 10
510 223 20
510 604 16
510 205 2
94 356 20
94 561 15
199 357 17
199 447 18
199 573 2
199 201 5
564 367 11
564 13 11
51 612 5
51 567 14
269 605 14
269 442 19
239 68 15
239 618 17
239 350 15
239 354 11
239 432 14
239 523 17
129 4 4
129 405 12
129 383 14
129 37 11
219 590 3
219 403 5
219 36 11
219 442 15
219 477 15
68 390 18
68 99 8
68 586 15
316 404 12
316 36 12
316 205 11
316 323 3
398 35 6
71 354 1
71 518 17
253 372 4
253 298 2
253 580 14
253 334 13
286 234 20
434 605 3
434 357 8
434 532 18
434 248 20
434 334 3
590 120 13
590 619 10
200 135 1
200 504 6
572 34 17
572 544 1
572 362 13
322 620 1
322 381 17
322 583 9
460 593 4
460 373 16
460 393 10
460 504 2
79 153 15
79 381 18
79 135 10
79 149 8
403 519 15
233 19 8
233 47 18
233 464 2
422 365 7
618 502 11
618 363 7
486 621 13
184 105 12
184 523 3
365 247 16
365 496 15
34 622 12
34 222 8
167 431 7
167 477 1
167 373 2
223 595 9
223 418 3
28 36 2
5 172 9
5 611 1
478 614 6
240 405 1
240 100 4
240 281 14
240 578 7
240 221 10
490 546 4
490 528 1
423 622 3
377 404 6
377 274 20
377 229 5
604 388 18
604 418 1
604 580 6
215 404 3
215 468 20
215 61 7
605 105 2
605 149 10
404 545 11
404 389 19
359 586 12
359 546 1
494 417 15
494 412 18
494 614 19
120 450 3
120 60 19
461 334 7
522 212 2
522 393 5
612 593 12
148 582 1
148 241 3
344 561 10
344 317 4
344 363 15
344 53 17
344 374 16
466 623 19
466 291 2
466 483 8
466 360 10
345 610 6
345 586 5
345 609 8
354 19 14
108 171 18
108 121 12
108 418 5
549 624 8
549 177 17
98 351 3
98 85 10
405 211 20
357 528 19
357 464 5
116 561 2
116 135 8
116 201 8
621 477 4
264 569 3
265 595 14
265 121 6
265 471 8
265 43 20
622 110 3
622 135 10
622 80 11
134 270 15
35 595 2
35 491 2
35 546 11
35 135 14
399 241 10
399 62 18
399 374 11
123 582 3
123 225 12
518 561 4
518 427 11
366 189 19
366 613 20
366 578 19
171 559 12
139 454 17
535 516 4
535 T 9
544 567 4
450 503 4
450 80 19
153 212 7
153 194 10
153 625 12
153 189 8
153 291 14
550 158 3
261 43 13
261 573 3
457 592 7
202 83 20
202 603 6
202 516 19
157 44 7
157 15 3
157 284 1
417 121 12
595 118 4
595 624 15
595 559 6
19 175 2
19 62 12
211 275 4
508 391 3
592 189 20
592 566 8
592 609 19
224 13 5
593 281 3
593 140 16
593 427 8
593 158 10
99 334 13
121 586 13
234 242 9
234 567 19
468 573 12
367 566 2
104 351 4
561 491 20
561 504 12
626 480 20
512 447 17
512 567 2
512 47 11
512 374 20
29 37 14
502 610 19
502 580 11
620 135 15
441 72 18
441 528 11
60 627 10
60 221 6
545 569 10
471 360 10
610 275 12
212 381 18
20 447 1
273 220 11
273 559 3
194 225 19
431 429 6
225 491 11
225 216 13
225 474 4
109 6 15
577 480 17
577 454 18
577 221 9
189 447 13
189 334 20
105 220 18
491 112 2
623 274 5
438 346 8
362 72 15
362 37 3
586 85 9
586 80 12
36 480 16
628 525 2
432 266 9
480 611 1
381 624 9
381 T 3
72 347 13
418 496 12
291 280 8
291 454 10
291 477 1
346 614 13
429 119 10
389 242 13
389 464 15
119 629 1
317 205 2
546 475 8
566 477 19
566 111 2
247 73 14
247 614 16
280 504 7
175 177 12
175 302 20
458 80 15
483 420 18
483 302 11
415 201 17
415 374 2
416 15 7
416 496 17
474 475 7
613 425 2
274 310 3
147 514 3
208 221 17
629 302 18
454 284 14
73 229 12
477 409 19
420 573 11
14 135 12
363 559 17
111 551 4
409 323 10
409 44 17
409 176 5
475 80 15
573 627 8
131 533 10
131 334 9
532 514 6
532 614 8
331 53 5
412 619 1
373 201 10
373 611 15
528 248 4
528 619 10
528 464 3
220 583 14
112 425 2
270 221 12
149 427 6
282 525 10
53 496 12
172 372 3
172 496 18
172 80 18
229 298 17
351 523 1
248 539 18
15 201 17
15 47 17
201 519 7
122 334 9
578 525 1
297 334 11
619 310 10
140 222 2
519 141 13
580 523 6
177 85 15
