930
50
7 8 5 7 5 6 10 7 6 10 7 7 5 5 7 7 5 5 6 10 7 6 7 8 10 8 9 9 6 5 9 5 7 10 10 10 5 6 6 5 10 6 10 6 10 5 6 10 6 6
358
1 6
2 26
3 29
4 45
5 1
6 14
7 17
8 20
9 36
10 43
11 1
12 7
13 41
14 48
15 1
16 9
17 12
18 15
19 24
20 25
21 25
22 33
23 1
24 9
25 25
26 34
27 1
28 47
29 49
30 1
31 4
32 1
33 10
34 35
35 44
36 2
37 25
38 2
39 8
40 2
41 10
42 18
43 42
44 43
45 2
46 22
47 32
48 35
49 48
50 2
51 7
52 18
53 25
54 30
55 2
56 7
57 23
58 36
59 42
60 50
61 2
62 4
63 41
64 41
65 46
66 2
67 33
68 47
69 48
70 49
71 3
72 6
73 32
74 33
75 48
76 3
77 4
78 8
79 27
80 28
81 40
82 3
83 20
84 3
85 19
86 31
87 3
88 42
89 4
90 22
91 26
92 46
93 49
94 4
95 13
96 15
97 34
98 4
99 8
100 13
101 27
102 36
103 4
104 19
105 27
106 37
107 18
108 27
109 23
110 10
111 20
112 5
113 11
114 14
115 15
116 27
117 28
118 5
119 47
120 48
121 50
122 5
123 5
124 32
125 5
126 15
127 6
128 16
129 31
130 37
131 7
132 43
133 45
134 6
135 24
136 35
137 6
138 9
139 20
140 6
141 39
142 26
143 46
144 7
145 31
146 41
147 46
148 15
149 21
150 7
151 17
152 48
153 7
154 15
155 34
156 7
157 39
158 41
159 28
160 35
161 7
162 36
163 38
164 46
165 32
166 34
167 7
168 21
169 49
170 12
171 27
172 8
173 24
174 50
175 8
176 37
177 8
178 19
179 29
180 31
181 34
182 15
183 38
184 8
185 10
186 12
187 27
188 10
189 41
190 24
191 9
192 11
193 29
194 36
195 40
196 9
197 44
198 23
199 43
200 9
201 22
202 26
203 31
204 10
205 25
206 10
207 34
208 10
209 11
210 21
211 24
212 28
213 30
214 35
215 47
216 10
217 10
218 12
219 44
220 11
221 34
222 11
223 36
224 48
225 21
226 21
227 31
228 25
229 35
230 11
231 41
232 11
233 22
234 30
235 41
236 12
237 35
238 12
239 47
240 39
241 12
242 24
243 13
244 29
245 37
246 42
247 13
248 33
249 13
250 50
251 26
252 14
253 20
254 26
255 19
256 48
257 14
258 22
259 36
260 28
261 14
262 16
263 23
264 25
265 45
266 28
267 40
268 23
269 30
270 45
271 38
272 41
273 49
274 45
275 16
276 17
277 36
278 16
279 23
280 16
281 43
282 16
283 42
284 16
285 18
286 36
287 36
288 39
289 17
290 17
291 20
292 40
293 18
294 20
295 24
296 19
297 26
298 31
299 49
300 19
301 33
302 20
303 26
304 20
305 28
306 50
307 20
308 30
309 44
310 25
311 27
312 21
313 23
314 21
315 29
316 38
317 41
318 24
319 22
320 45
321 45
322 45
323 32
324 43
325 35
326 40
327 31
328 43
329 35
330 25
331 27
332 31
333 44
334 28
335 35
336 50
337 28
338 48
339 43
340 34
341 29
342 34
343 45
344 38
345 33
346 47
347 33
348 42
349 43
350 34
351 37
352 48
353 43
354 38
355 39
356 39
357 45
358 44
650
S 1 1
S 2 14
S 3 2
S 4 19
5 6 11
5 7 19
5 8 13
5 9 9
5 10 5
11 12 2
11 13 19
11 14 13
15 16 19
15 17 13
15 18 15
15 19 9
15 20 20
15 21 8
15 22 17
15 10 1
23 24 1
23 25 16
23 26 18
27 28 18
27 29 20
30 31 10
32 33 9
32 19 13
32 26 2
32 34 18
32 35 16
36 37 12
36 3 20
38 39 16
40 41 9
40 42 8
40 43 1
40 44 8
45 12 6
45 46 7
45 47 8
45 48 19
45 49 14
50 51 17
50 52 9
50 53 13
50 54 18
55 56 18
55 57 10
55 58 9
55 59 16
55 60 6
61 62 2
61 63 20
61 64 11
61 65 6
66 67 3
66 68 18
66 69 19
66 70 17
71 72 19
71 73 8
71 74 14
71 35 11
71 75 6
76 77 4
76 78 3
76 79 5
76 80 15
76 81 16
82 83 3
82 49 7
84 85 1
84 83 7
84 86 11
87 88 5
89 90 8
89 91 6
89 92 11
89 93 10
94 95 5
94 96 12
94 47 5
94 97 13
98 1 14
98 99 16
98 100 18
98 101 12
98 102 13
103 33 18
103 104 10
103 105 2
103 3 3
103 106 11
31 107 18
31 108 7
77 109 3
77 26 5
62 110 8
62 111 4
112 113 17
112 114 2
112 115 5
112 109 14
112 116 7
112 117 3
118 119 5
118 120 10
118 121 11
122 7 20
122 81 8
123 124 18
123 81 10
125 126 16
125 25 4
127 128 10
127 129 3
127 130 18
1 131 1
1 132 2
1 133 10
134 135 14
134 136 2
134 10 14
137 138 6
137 52 20
137 139 11
137 43 8
140 20 16
140 141 11
72 142 16
72 116 11
72 143 14
144 6 14
144 145 15
144 146 5
144 147 3
51 148 14
51 149 12
150 96 19
150 151 12
150 152 7
153 154 6
153 155 1
156 131 6
156 157 5
156 158 18
12 21 5
12 159 7
12 160 5
161 33 5
161 111 6
161 162 6
161 163 6
161 164 12
56 148 3
56 165 5
56 166 1
56 29 1
167 110 3
167 168 13
167 116 13
167 169 4
131 41 4
131 170 15
131 171 1
131 63 11
172 173 2
172 135 9
172 91 11
172 174 16
175 176 13
175 169 3
177 178 7
177 179 20
177 180 1
177 181 13
39 182 7
39 183 3
184 185 3
184 186 18
99 159 16
78 187 1
16 188 11
16 189 3
16 44 5
138 190 10
138 147 8
191 192 16
191 17 13
191 193 3
191 194 1
191 195 10
196 63 19
196 197 6
24 198 14
24 199 6
200 113 11
200 96 5
200 201 10
200 202 6
200 86 14
200 203 1
200 158 10
204 182 3
204 205 11
185 113 5
185 186 4
185 58 10
185 163 17
206 207 4
206 160 6
208 209 20
208 210 3
208 211 9
208 212 2
41 213 19
188 214 19
188 215 17
216 74 15
216 106 6
216 147 20
217 83 3
217 180 13
110 218 15
110 219 4
220 154 2
220 80 9
220 221 8
222 207 20
222 223 5
222 133 12
222 68 4
222 14 10
113 224 12
209 225 6
209 226 13
209 227 5
209 43 14
192 228 12
192 37 12
192 229 20
192 65 8
230 231 1
232 233 7
232 213 10
232 234 11
232 235 11
236 108 2
236 237 13
238 151 4
238 44 18
238 60 18
186 59 9
186 239 20
186 169 5
218 213 16
218 240 3
17 126 17
241 7 11
241 242 18
241 59 19
243 168 19
243 244 3
243 245 7
243 246 4
247 228 15
247 124 3
247 165 19
247 248 17
247 239 7
249 128 10
249 129 15
249 250 7
100 251 7
100 195 9
252 253 18
252 254 8
6 255 13
6 8 14
6 256 9
257 258 9
257 259 11
257 119 16
114 57 14
114 260 16
114 207 15
114 143 1
261 262 1
261 263 5
148 7 18
148 264 11
148 265 16
96 7 20
96 224 4
154 266 8
154 163 1
154 267 2
182 151 18
182 268 13
182 269 4
182 270 6
18 3 20
18 271 7
18 272 20
18 273 5
126 198 7
126 205 16
115 225 3
115 201 8
115 43 14
115 274 20
275 276 11
275 2 4
275 155 1
275 277 9
278 279 16
278 263 16
278 240 10
278 189 9
280 155 10
280 281 2
262 166 11
282 101 9
282 283 1
284 285 20
284 135 14
284 102 14
284 286 3
128 178 6
128 207 9
128 287 17
151 145 10
151 288 2
289 7 6
289 90 14
289 57 11
290 240 10
7 245 5
276 42 9
276 8 4
276 291 17
276 277 2
107 141 18
42 139 14
42 292 3
42 274 2
52 133 18
52 256 18
293 294 9
293 227 3
285 295 1
285 273 20
296 85 14
296 155 16
104 190 19
104 297 11
104 298 15
104 270 3
178 291 9
255 201 6
255 81 6
255 147 2
255 299 11
300 8 11
300 228 17
300 3 5
300 283 5
300 197 20
85 294 5
85 193 7
85 301 6
302 225 2
302 173 6
302 79 1
302 70 19
253 303 10
253 234 13
253 281 7
253 299 10
304 37 15
304 305 6
304 306 9
307 166 5
307 199 19
83 4 19
8 195 7
291 46 19
291 308 12
294 248 17
294 29 14
225 309 19
149 263 1
149 310 17
149 311 9
149 180 4
312 207 7
312 34 12
312 157 8
312 59 10
210 313 11
210 129 8
168 2 14
226 121 15
314 80 4
314 166 8
201 274 15
46 311 16
46 315 12
46 234 11
233 244 2
233 316 8
233 317 19
233 197 2
258 318 13
258 25 20
258 214 2
90 308 20
90 174 6
319 263 5
109 141 9
313 54 20
313 207 6
279 227 7
279 49 3
198 320 10
198 239 7
57 321 15
57 322 4
263 318 20
295 323 17
295 181 19
295 324 11
295 239 20
242 47 16
242 183 9
190 325 17
173 162 10
173 322 15
173 224 1
19 9 11
19 322 6
19 69 10
318 142 10
318 326 9
318 283 15
135 317 1
211 327 19
211 86 6
20 3 19
20 328 19
20 320 19
53 228 14
53 329 3
53 259 7
53 273 3
264 10 4
25 301 15
21 145 1
21 183 5
228 106 7
205 287 12
330 248 9
330 43 1
37 202 9
310 331 13
310 129 5
2 231 4
2 T 15
142 259 10
142 157 12
142 235 7
202 117 11
251 203 2
251 64 4
251 246 2
297 332 12
297 88 11
254 195 4
254 321 3
254 143 6
303 105 18
303 306 3
91 207 2
91 93 13
79 331 5
79 223 8
311 244 17
311 245 4
311 250 17
101 10 4
187 73 15
187 277 7
187 176 6
187 333 7
331 47 15
331 317 19
331 281 13
108 221 1
108 9 9
116 213 11
171 124 12
334 332 2
334 335 4
334 146 13
334 336 12
337 301 4
337 338 12
260 234 3
260 203 3
260 339 7
212 166 12
212 339 17
212 215 11
117 81 12
117 333 4
305 329 15
305 316 9
305 189 20
305 231 2
80 340 4
159 133 17
266 277 10
315 316 4
341 342 13
341 343 6
341 69 15
193 246 6
193 132 16
193 256 14
244 248 12
269 86 2
269 223 1
269 35 12
308 328 14
308 28 5
213 344 2
54 274 5
327 292 14
327 250 8
227 325 15
298 301 7
145 9 15
332 325 14
180 183 12
180 343 14
47 136 19
47 259 5
124 28 17
323 329 14
165 343 10
73 301 15
73 183 14
73 44 15
345 346 15
22 223 5
22 286 11
22 317 19
248 324 15
74 292 9
74 320 9
347 181 16
347 147 17
67 348 5
67 43 8
67 349 20
67 68 12
207 281 10
207 92 10
181 63 15
350 4 18
350 49 19
26 351 14
26 328 11
97 194 20
97 132 12
97 219 19
342 160 8
342 176 12
155 256 6
340 237 17
221 352 9
48 256 15
335 286 15
335 9 14
136 183 2
329 353 3
214 93 5
162 271 2
162 235 1
102 68 7
223 299 11
194 316 2
194 352 18
286 164 7
58 219 7
351 120 20
176 231 17
176 246 13
176 120 2
176 60 20
245 93 3
130 219 1
163 354 11
163 68 4
344 292 18
316 339 2
316 133 11
316 65 16
316 28 18
354 355 9
354 35 20
141 174 13
240 281 7
355 346 15
157 328 16
157 352 11
356 231 15
356 339 11
267 120 15
326 43 9
326 197 14
292 215 4
158 333 10
189 357 3
63 346 7
13 333 18
13 343 20
13 14 13
235 88 14
235 336 3
64 169 1
59 49 10
348 119 19
324 169 19
349 219 3
219 174 17
309 343 8
333 265 19
197 338 9
35 336 9
358 299 6
358 306 14
274 143 4
65 121 15
119 152 1
346 T 20
224 120 17
224 T 20
336 T 2
