285
10
2 5 5 6 2 2 2 5 6 5
40
1 2
2 9
3 9
4 1
5 8
6 10
7 1
8 4
9 8
10 9
11 2
12 7
13 10
14 2
15 4
16 3
17 2
18 9
19 2
20 5
21 3
22 6
23 3
24 3
25 4
26 6
27 3
28 8
29 8
30 4
31 4
32 4
33 10
34 5
35 10
36 9
37 10
38 7
39 8
40 9
52
S 1 17
S 2 17
S 3 17
4 5 14
4 6 2
7 8 15
7 9 20
7 10 2
11 12 17
11 13 16
14 8 13
14 15 14
1 16 14
17 18 16
19 20 5
19 5 7
19 18 11
21 22 7
23 24 17
23 25 19
23 26 11
24 10 12
27 28 14
27 29 14
16 5 12
8 30 14
31 25 15
31 32 1
31 33 14
15 26 2
30 29 5
25 34 13
32 20 12
32 2 20
34 3 1
20 22 11
22 35 17
26 12 6
26 36 13
26 37 2
12 28 5
38 37 18
38 13 15
28 33 8
39 36 7
39 33 17
29 40 4
9 37 10
36 T 10
2 6 4
40 18 1
40 13 17
