264
15
3 5 3 2 2 5 5 3 4 4 3 2 3 2 2
48
1 9
2 1
3 15
4 1
5 2
6 5
7 6
8 8
9 1
10 2
11 7
12 13
13 2
14 11
15 2
16 10
17 6
18 7
19 8
20 10
21 11
22 2
23 4
24 10
25 6
26 12
27 13
28 3
29 4
30 7
31 3
32 9
33 3
34 13
35 5
36 11
37 6
38 14
39 6
40 14
41 7
42 9
43 7
44 9
45 15
46 8
47 12
48 10
75
S 1 11
2 3 3
4 5 17
4 6 20
4 7 5
4 8 16
9 10 4
9 11 13
9 12 14
5 13 20
5 14 9
15 6 2
15 8 2
15 16 11
15 12 1
10 17 11
10 18 8
10 19 2
10 20 3
10 21 10
22 23 10
22 24 13
13 25 15
13 26 16
13 27 4
28 29 16
28 30 2
28 14 19
31 23 3
31 17 11
31 32 9
33 23 9
29 20 5
23 34 1
35 11 1
35 36 7
35 21 3
6 37 15
37 38 13
37 T 7
39 11 4
39 40 8
39 T 4
17 8 20
17 32 8
25 11 11
25 14 15
7 19 17
41 42 1
41 36 6
41 26 18
18 42 14
18 38 14
30 32 7
30 20 12
43 11 20
43 44 14
11 26 8
11 12 19
11 3 10
8 40 14
8 45 16
46 19 18
19 1 9
32 47 13
42 3 1
42 T 1
44 16 11
44 34 6
48 34 14
16 21 18
20 27 7
14 27 4
47 38 6
12 38 2
