42
300
291
545 458
114 145 177 142 100 5 147
294
205 558
397 383 80 98 1 105 385 33 386 368 384 376
258
528 501
168 351 109 339 363 354 366 364 343 353 342 361 355 347 171 362 350 346 345 340 336 348 360 112 337 349
295
217 399
291 275 280 87 293 296 288 269 272 301 277 285
282
499 117
60 173 64 149 144 93 132 117 130
300
198 506
78 70 16 279 14
269
743 255
257 261 245 244 247 260 262 267 241 61 65 199 246 175 268 255 27 251 252 266
280
33 638
91 90 115 82 20
294
517 672
162 187 6 79 46 153 180 25
241
791 440
163 128 28 170 191 36
265
448 80
150 118 200 32 186
296
495 474
365 140 101 122 352 338 341 344 335 367 356 359 358
241
620 301
66 56 74 48 21 50
270
106 85
169 156 41 77 12 31 158
297
29 387
160 198 83 116 131
282
672 384
182 167 194 7 179 71
286
51 255
54 185 195 129
271
574 558
26 44 121 119 3 151
295
439 237
307 314 324 327 99 321 330 332 317 329 303 334 311
279
252 354
161 270 287 284 298 276 286 273 283 292 297 294 274 300 295 278 290 271 299 289 62 282 281
283
221 692
203 233 206 225 209 212 213 228 218 223 202 190 375 379 394 388 400 398 395 204 183 210 208
278
111 264
38 45 55 107
295
649 692
111 47 139 2 196 76
299
193 706
231 234 135 53 181 193 176 148 73 232 221 207 201 226 222
289
178 624
389 374 192 57 96 141 215 214 220 217 224 227 219 229 230 211 205 216 373 377
299
345 266
197 126 304 305 95 328 316 318 326 310 306 315 319 333 15 323 189
276
340 640
30 97 110 51 106 89 166
273
473 553
120 72 9 92 67 17 86 23 29 154 143 357
264
756 218
254 263 243 265 236 259 250 19 43 256
285
237 186
39 123 138 108 37 63
295
442 260
308 59 331 313 322 312 34 84 309 178 24 157 320 302 325
251
394 117
18 159 146 58
277
465 676
134 165 155 42 103 85 75 102
243
287 455
125 88 13 124 104 11 8
226
165 573
380 381 370 393 391 137 382 399 369 371 390 396 392 94 372 387 378 136 164
214
747 237
237 235 242 249 240 238 258 188 239 253 248 264
221
596 106
184 35
149
765 6
22 133
261
798 593
172 174 4
108
88 777
49 10 113
214
667 778
40 52 81
159
378 716
127 152 68 69