507
100
95
552 376
48 3494 4716 3284 582 1432 834 4387 1088 3933 2150
78
259 703
1158 3195 3190 3048 2842 1206 3567
95
216 724
402 56 650 3143 2527 4407 2162
92
701 289
2816 2795 2516 2195 1771 4726 4858 3269
93
270 7
3784 2286 2972 2646 670 1791 4090 3073 3001
90
440 668
761 832 922 2605 307 1423 1776 4411 756 4598 2628 821
88
686 161
94 359 357 2890 1148 3416 3741 3004 2763 2460
90
213 443
713 4062 3699 3954 3382 1726 74 609 446 3041 2295 2918
86
134 512
2310 3853 4578 3314 860 3225 259 407
100
316 478
2445 2257 1503 2830 4158 2585 234 2977 1649 1507
97
204 673
2332 2121 4222 4081 1250 3109 3680 1785 3804
85
445 175
1659 1046 947 1512 4045 1218 3854 2643 695
99
733 571
2717 4658 4848 1406 3376 3183 2228 2515 1984 3857 1795 3571
97
283 119
2619 655 714 3367 212 4919 2999 2211 1039 2965 2558 4092
99
682 551
3988 4315 2613 4971 4811 4218 3530 191 4211 4469 3047 1082 1880
93
511 255
4680 2434 2344 1484 64 423 1420 2466 3978 2415 4370 586
91
789 661
1306 1704 2217 2225 2432 2925 1748 4135 805
76
442 189
3620 902 456 3548 2497 2668 3590 413
90
796 389
277 581 2015 1682 1192 1486 3424 3808 132 4877
100
356 277
717 4703 1075 3179 4205 604 3839 1808 3782 1471
88
631 308
4070 4957 4657 1369 4819 3894 4296 4308 4392 4767
80
562 168
3764 1561 233 1063 304 2908 4522 712
98
87 743
2645 1630 2562 1199 671 656 2044 1395 3006 2130 3864 698
88
368 224
2125 2394 235 792 230 1917 1513 3298
95
542 351
256 3998 3625 2934 2062 796 3028 2424 2022 4760 2002
73
512 61
1469 3141 2506 2273 3968 306 728 2028
99
231 377
1545 1454 2454 752 3885 3177 1155 2723 2583 3593
99
549 753
3621 4105 1501 2778 151 4921 4551 909 4975 4166
95
164 93
3232 1544 4539 2412 616 3491 2058 2877 3667 1022
98
401 625
3527 4613 4443 1207 574 312 3480 1916 1208 2535
96
118 214
885 4501 3497 198 4495 3123 1845 2092 3932
97
402 453
1899 4860 4956 2176 4749 1632 4600 3091
87
255 270
4431 3685 3664 4772 3473 3728 4978 2608
94
306 310
2448 2885 4868 1568 1810 3368 1829 4507 1551 3520 403
86
596 153
1266 1623 633 804 1219 3362 129 3946 1332 867 3916
92
177 641
631 4001 3271 2418 3703 879 1931 2913 4944 2042
92
307 59
1353 3246 2777 4582 4498 1190 3906 3316 4264 3594 3327 1789
98
731 616
1278 1636 1873 4441 4945 2593 2143 4776
97
236 417
562 1727 517 2085 3706 1611 2850 2205 4947 576 3140 4854 3191
99
244 690
2270 4846 1617 1204 1749 1672 1975 3898 2260
98
104 151
4871 4345 2262 4599 4322 2671 2898 3015 2473 949 3525 3159 992
99
10 40
1780 1222 2372 4448 1059 4623 4764 3346 2651 1767
93
704 39
972 2230 2874 674 1949 948 3387 236 1154
72
634 18
2869 3106 1322 1743 839 3186 2298
90
178 700
1184 3508 388 3197 3266 1056 4399 2070 3679 4512
86
568 198
877 3615 3489 3205 2459 4844 721 2967 2799 2746
96
713 619
4250 1821 4025 2596 4627 4519 4628 3425 4610 4612
94
446 741
3994 638 2513 2124 484 4307 4592 386
95
711 799
42 383 838 4348 1392 4184 281
98
724 9
615 1091 116 3295 1096 875 1153 3199
80
164 652
2395 2243 1725 2865 1165 3725 1626 260 2212 4417
97
140 535
1930 2219 134 1422 2979 4063 1974 982 2551 1164
99
128 198
4017 3665 1275 2606 4312 2207 4421 4624 1543 429 1233 618
96
228 478
2027 4927 4369 279 2880 2199 4728 2737 3875 776
82
407 131
3732 511 1108 478 4939 770 2060 108 3824 954
93
49 134
2279 4575 993 4849 768 3870 4902 2843 1033
94
393 153
4437 308 1872 1451 2882 1642 4611 3472 2719 1134 2884 1276 3599
100
505 135
593 2489 1803 3970 2306 3038 1382 843 4595 4279 465
91
461 463
2540 3574 4822 3421 3032 3410 3565 4354 282 3643 1368
96
630 676
1500 1083 241 2952 830 2224 2697 2288 2981
90
701 681
3981 313 2709 4673 799 4202 1969 4301 4558 1557 1723
100
142 584
4646 4943 1924 3779 4761 1483 3945 4604 3579 3630 3589 1434 4918
99
398 551
2920 2621 3984 78 2542 2960 3605 4386 1640 1238
98
409 302
4587 3166 818 1179 4824 2644 3948 4876 3252 2110 1650
91
517 436
4435 2034 486 1998 2807 1460 412 3029 2046
98
195 371
725 3578 1437 276 188 1450 3884 3841 273 464 3982 4117 2185
100
67 395
4284 3125 1901 4906 2293 519 1325 1421 3724 248 3963 722
100
267 644
3707 4415 4320 550 4506 3775 2782 597 2399 3108 4324 4150 1316
100
751 709
195 3079 1910 2635 2917 3840 1958 296 3909 1355
87
607 492
4106 30 2294 2589 1613 4606 4976 287 1005
99
360 89
3297 3962 1707 156 515 2339 4820 4950 542 3438
86
286 348
4891 4679 1797 3617 2780 569 745 350 2059 2475 3723 2389
94
15 491
4129 938 1398 223 3888 4791 651 907 4224 3506 1156
98
152 339
3863 2725 806 4526 4395 4170 1246 4510 590 3280 2052 4300 1701 1902 2661
93
250 40
928 2493 4922 883 3739 3708 4769 1927 1800 790 2622 4863
94
608 334
788 876 463 4866 286 3176 2841 3819 131
94
47 353
1237 2942 2625 4203 4291 969 844 4641 2351
91
170 329
2607 4823 1502 1694 1882 1087 3127 4787
86
112 392
4635 1674 110 3258 87 1032 504
92
496 60
3500 2115 184 2441 278 1224 3021 7 4751
93
56 713
4121 4755 1735 2959 2931 4333 1097 3215 232 699
91
263 601
1586 1242 637 2573 1142 2688 4564
97
370 126
2618 4670 4473 2096 1175 3912 4500 2184 367 2277 3039 727
67
678 168
2379 4122 3287 899 2196 305 2554
84
786 153
1284 512 4231 4128 853 1435 3787
93
352 518
4843 4909 2402 119 4766 3254 2435 4536 2204 598 1473 4189
95
16 737
755 2811 3118 1620 2832 226 850 4134 1587 2087
95
265 761
4521 2496 4491 527 3830 3551 3083 501 2657 1373 513 701 2751
76
524 317
2057 213 3726 1657 545 4155 4702 417 4831
97
171 448
1110 2324 427 3694 1408 3882 4281 3759 2510 424 3736
95
278 269
1459 3402 328 1718 4272 3098 4114 3046 3160
92
405 240
683 166 3373 4907 3624 4225 3011 3803 1376 2715 4591 4660
99
736 194
452 2181 1961 1076 1991 1351 916 1239 908 4046
83
625 341
2021 2242 4242 4864 4959 4875 2786 632 4708 3698
93
502 678
678 65 787 397 3293 160 3165 3358 3905 4011 3477 325
95
493 799
3275 2541 3469 1099 270 3261 300 639
87
394 222
996 4513 3069 1146 566 3762 1775 4711 2414 2253 2275
96
396 609
1119 1263 2829 415 3802 2292 22 2001
96
521 700
2161 4073 3198 1738 1629 3800 3572 4565
93
711 304
4329 2216 468 1089 3672 3347 3796 1371 1933 3670 3086 1724
96
419 393
3207 2056 4377 692 2266 2409 4380 4075 4883 1201
100
122 446
82 4167 4865 4853 957 497 1003 3812 793 411 3501 2526 4429
93
349 154
3080 280 2382 2348 4834 946 3089 2120 2291 356 4266
96
348 319
807 3105 2073 2113 2844 1011 3014 302 3656
95
106 569
923 2766 125 2271 3847 822 554 2935 358
93
704 742
2163 2611 3150 1691 4053 2588 1189 2128
92
427 33
1625 4123 2477 1041 2447 340
87
640 211
3636 1426 1970 2081 2337 643 740
89
528 514
2252 979 629 139 591 3223 4171 1227
98
40 98
3598 522 549 2790 1338 625 649 2249 1950 941 724 3058
90
516 382
180 379 905 1496 3558 3516 1173 824 2032 113 2569 4277 1061 2927 2543
100
625 717
4245 2730 1538 3704 4303 3606 4812 1441 4389 1310 3755 2822 3374 4652
95
146 739
1475 4719 102 4643 2361 906 4488 1210 696 1297
94
367 745
4747 3934 3653 929 4463 2206 4851 4146
99
536 411
2772 4033 4427 3515 530 1062 4430 3122 3989 3600 2836
92
609 383
1143 1989 3259 3155 925 404 3914 2818 4503 3768 2706 955
96
141 233
1536 2754 592 4127 2991 3167 202 3126 1403 2229 1600
77
9 532
3253 4376 4544 4742 2713 2756 1860 1812 2511
82
534 656
4394 1539 1678 2154 653 4908 813 2289 1833 890 4048 3042 2666 3952 4193
95
763 596
2764 158 4215 3062 1043 3860 1801 4923
96
477 590
239 579 2003 1002 353 718 3880 1305
87
260 118
2478 3428 2567 2678 477 2155 192 2634 3647 3657
91
447 302
4514 170 231 199 3749 551 2520 3306 961 229 1528
58
87 145
3093 1712 858 2139 1257 1052 589
100
157 80
3228 40 4738 4317 3983 169 4675 4365
98
707 344
274 2767 4545 4763 2652 4490 4071 3958 769
95
637 625
1271 4833 767 827 3616 3499 120 3716 659 89 1296 855
100
3 338
2438 2148 4553 2237 798 4810 4705 881
99
671 251
405 3943 3745 4523 109 4901 4455 4162 4413 2408 4659
94
647 468
3476 1117 4525 1144 182 3675 4802 3419 3343 3834 4718
97
184 227
3238 1787 2740 3393 2538 3144 2284
98
249 139
3081 4010 345 4689 3450 648 4775 2594 319
95
627 317
1455 2673 4729 3648 3104 4661 4027 1577 3460 3116 4970 2283
100
457 162
2553 994 3445 1100 1741 3563 262 3852 857 3542 3443 4827
99
183 557
4759 927 2093 4552 2871 3697 4640 2416 4239
93
213 587
1200 2810 4682 2484 2929 2433 600 4336
96
261 509
1255 1234 2263 426 4137 4327 2055 4285 183 322 1440
76
121 667
92 4357 3352 2992 4826 1786 3541 4884
98
710 299
1363 4087 3221 1174 4777 1377 939 1996 1562 1399
92
755 392
176 1656 4977 3754 1652 4000 2107 4217 406 1235
90
466 266
2970 4505 2141 640 774 2318 1567 209
82
498 777
886 3010 4487 3315 4318 1665 3873 4283 4601
80
653 75
445 3626 4342 1811 3975 594 4149 3102 1844
57
783 700
3786 1036 130 3406 4483 3415 2815 3955
93
156 598
1225 363 4520 3696 460 432 4880 3050 3279 1482 2732
98
20 637
4008 1876 898 801 748 3164 2425 3576 1912 4098 1994 2916 1919
78
582 547
3169 1167 1231 3216 4118 3178 2682 4968 1851 2417 3669 3770
98
103 706
1830 3005 338 1319 4157 4651 4475 487
94
113 343
3319 1230 3066 644 967 2892 626 3556 2900
99
181 615
694 854 3710 1216 2029 1131 606 2349 4013
84
489 736
161 4964 197 1863 2166 1604 3332 4332 143 738
97
14 192
1973 44 2597 1236 2487 2787 50 1680 968
61
327 329
118 3411 3196 2623 1054 3979 4788 4632
86
796 768
2334 4299 1383 4466 66 1405 4188 2788 204
73
259 251
4687 4124 2817 4916 2825 3876 1185
98
238 335
942 4631 4361 2762 2387 3691 2503 4041 3531
90
615 561
1854 1453 4194 4209 2936 387 3907 1326 1335
88
366 377
382 3850 4688 3087 410 3163 1243 2342 2616 4393
87
313 526
3289 2675 2680 329 4816 4647 1865 1309 1476 4132 4174
96
748 436
3170 3101 2504 2757 1746 220 2006 608 1628 1495 4462 479 392
92
2 607
3483 848 2323 1472 820 4607 1463 4527
91
575 23
2308 676 757 1734 4116 4872 4159 1532 2812
96
609 39
1633 4145 3718 3096 3267 1893 2106
78
735 644
4576 3895 3659 1824 3649 1603 1480 3009 1814
100
72 294
4311 1438 1258 847 2250 3366 3714 3320 1313 3426
93
692 247
4815 2122 4517 1809 1596 3554 3245 285 1385 3820
100
417 333
1345 2765 3993 4736 2826 1176 2796 4172 2280 4685 1985
95
539 12
2771 4163 1753 3821 4566 2450 1081 1195 3181 2911
96
277 385
3429 3713 1609 3158 2919 45 849 1157 3365
96
161 531
866 1228 257 342 1918 1274 2094 4889 4274
100
588 18
3350 685 4608 587 2808 3953 3468 2741 1794 4085
90
348 37
1027 4480 1477 2518 778 1907 4806 3324 2367 3388 4756
99
120 788
1548 3557 2689 3583 3851 2165 3927 1470 3609 2845
97
634 760
2159 2315 469 1008 2505 53 320 1245 4226 4335
92
732 259
455 4169 4954 815 2878 2209 3654 3149 3936
76
504 293
2828 2365 2685 2743 1293 255 3396 2857 4036 3404
94
761 503
4442 743 2355 1299 1756 2462 675 3729 1069 1530
97
49 781
2806 811 3408 459 3173 3635 667 4616 1136 3750 1881
100
500 589
4895 2901 564 3573 1106 3439 2726 4040 3342 4771 2177 3056
90
94 230
1639 2444 4886 3211 491 3355 3250 4447 4349 2776 136
92
464 42
2089 4805 51 2381 1499 3961 760
95
338 113
2011 99 3700 4032 1425 4499
97
640 155
4058 3666 4095 943 4672 2896 1936 529 228 1550
77
404 182
1710 4151 646 1125 1574 4869 1436 2040 490
83
111 78
3247 4838 3921 1288 1875 518 4629 3437 1575 3785 3061
95
734 510
1000 149 2419 98 4153 945 1582 873 155 2544 4321 2033 4066 3490
88
630 254
335 4482 1828 1311 2883 3631 1394 4241 4280 1695 1971 2377
100
307 530
498 3773 1493 4079 2905 1565 3856 2724 4297 3639 2861
92
586 686
3629 509 2064 2620 4913 2465 4894 2922 920 730
99
686 610
4290 2264 3560 1522 55 4557 3016 662 1198 614 4710 4626 344
86
65 92
1841 710 1802 605 144 1733 2986 4416 1342
95
716 563
268 4549 1160 803 2051 1017 2638 3044 2420 3568 80
98
560 448
3407 2274 921 3717 896 4911 181 457 1705 1688 904
97
167 132
500 41 1913 4216 1016 1589 2378 2370 60 35 3627 2152 917
87
310 622
395 2388 2686 63 2214 1576 433 1445 2346
99
65 166
2988 431 2653 884 1890 2523 391 1535 4955 2971
92
94 264
57 4023 4104 9 2208 3067 2491 1716 4563 1265
87
332 491
2222 4727 3255 1348 1020 261 34 732 2005 1798 4147 4072 499
93
300 26
3874 2254 2013 4721 4457 4634 635 1191 3540 4142 37
92
688 485
4099 470 4502 1505 3423 1645 2522 3735 2973 2374
100
763 680
3509 2043 723 2835 2961 418 1540 3977 4115 607 4757 4144
97
339 216
861 1531 3734 3865 4649 21 2758 3064 3924 1508
94
731 100
1449 2998 556 3307 19 1217 2358 2679 1478 1487 1564 3292 3533
73
13 244
2061 2943 451 552 2747 870 4645 2472 4351
94
555 770
3776 164 2340 2667 3835 1187 525 1026 3823 1525 2482 1347
94
200 108
4364 266 4165 1009 3619 780 25 2368 13
99
303 654
2582 216 4642 2674 4681 565 450 1415 3296 207 2664 4375
100
780 38
1987 355 2018 665 3918 4779 1188 88 1920
100
242 57
3312 1693 3486 4714 2846 3326 764 3145 2783
98
477 654
3154 3928 3214 18 3294 2035 4271 2220 1768 1413 1418
95
131 150
91 2 4676 4934 4896 2701 677 1349 3434 936 3862
97
657 362
206 32 3099 2584 680 2190 3474 1141 4859
98
666 590
2568 2467 664 4847 1928 4930 1671 140 2407 1770 2376 1877
97
203 308
989 3453 2474 3463 1121 1302 1049 2984 3262 1895
87
560 692
584 4668 1397 2400 990 2677 4807 2735 95 4586
100
644 776
4289 4532 4133 4664 49 1953 1321
100
407 759
3203 1308 4962 647 1379 1774 1966 1215 1073 11
97
726 126
2552 4550 1887 1529 1292 531 1357 3447 1419 2691 3561
81
34 312
153 33 737 3886 4768 3385 4852 67
95
34 609
2319 1804 684 4494 4671 4181 1683 271 2226 3235 3201
82
563 266
1569 2235 2004 1938 2840 2117 3260 560 1822 2086
97
283 569
2571 3930 4292 3902 2509 3743 1825 2256 4173 3412 240 3671 3893
94
173 173
1370 303 1474 3189 3511 381 1615 1906 2481
87
386 458
2038 1732 2025 4140 1859 3858 4801 953 2026
99
285 760
1093 331 3949 1818 2630 2023 4168 3709 71 2309 2904 4012
98
51 446
3007 3270 2838 332 991 1149 4707 2158 1241
95
300 790
4005 3887 2202 2157 4164 16 2897 4355 2669 931 3546
97
651 343
1573 1581 3920 1047 2598 1068 4633 2446 2894 4618 2658 4571
94
171 578
1964 4574 4753 3008 2629 3917 2529 868 1019
71
288 274
4825 1506 1050 4067 1037 4341 2439 1853
94
740 745
2615 1986 4836 3153 1784 4560 4740 4504 2827 1177 362 950
95
768 154
580 4044 1661 1433 4177 3328 709 2969 75 3481 1161 3310
94
391 97
69 1314 3585 2398 532 185 4293 2123 2609 2631
93
24 181
3003 385 1654 1390 2384 3896 2860
87
481 618
4577 4438 2539 3138 1736 225 3273 4015 315
85
112 682
4885 2546 3361 1367 2794 1709 503 3386 2561 1646 1281 2338
99
475 565
841 3286 4126 218 330 4161 4445 4879 3772 1826 222 1466 4182
83
772 57
2873 1666 2236 1304 4683 2392 284 3790 368
100
87 385
4384 3744 420 2858 2322 3855 1273 318 1555
99
248 214
1104 4009 4237 4663 3591 3436 874 1905 141 2290
98
647 6
1595 2976 79 2017 3752 4208 1599 1842 2941
92
214 337
2076 4175 2077 2831 1018 516 617 4924
98
374 157
1514 2050 203 1361 1714 4541 43 272 1092 4248 316 3202 3219
91
202 287
2328 3185 1648 4458 54 3449 1178 2649 483 2114 208 348
88
781 314
85 1621 2690 984 2471 3792 4089 1352 3384 1817
99
558 662
520 1518 1687 1858 3157 3192 508 603 2648 4050 4210 2391 1847 1256 1354
99
789 86
3549 4201 422 4452 23 2261 4016 2088 462 4268
86
81 618
2232 4331 4478 3513 2430 1152 1465 3220 2718 1827
87
779 624
2453 1605 2223 2728 2753 154 2833 4213 1963 168
97
720 550
3369 2169 1878 1324 3915 476 739 559 2404 1983
98
698 530
666 1294 2980 3992 4961 3780 4287 3939 4083 4609 4837
88
165 701
1959 2565 1690 2443 2153 3302 1516 1781 3687 4195
90
514 647
4339 3810 3655 786 147 3414 783 3801
100
261 523
826 3674 3034 729 4381 2867 1556 3807 171
86
154 4
58 292 3676 974 3553 4486 4888
94
473 511
998 145 1805 1291 4350 3389 1186 1700 1205 2866 2692 1588 4309 4160
100
4 355
1362 1060 645 4243 2914 1871 3043 3040
87
757 306
1107 4621 2479 505 434 246 106 2547 2851 4605 1547 3023
85
706 25
150 4454 2650 4477 1885 4405 4540 3076 1908
99
724 92
1757 2146 4917 1112 4655 4785 4233 4733 4270 1813 652
95
424 533
4593 812 24 2108 4562 4148 691 988 2267 3111 495
82
661 389
68 2893 1937 2024 869 2173 1635 1183 2736 4644
100
185 514
3985 36 679 1430 1446 4713 4276 1783 2278 2227 1456
98
54 405
828 3844 3321 777 3973 1320 3132 224
85
339 42
4653 4882 2912 3774 1270 3430 1647 601 2923 4677
92
206 425
3799 3244 3013 3263 3360 3112 2485 1869
85
331 706
4112 4382 117 1023 1935 3537 682 3442 944 81 4108 2468 2863 2403 1929
93
219 109
3397 1330 4305 2824 2480 4789 4530 384 3119 782
66
763 449
2078 105 784 2672 428 107 4476 3702
99
361 660
622 4295 965 2075 3603 4219 1277 1388 842 3208 1761 2360
97
598 646
3420 1739 3645 2007 2821 1681 4026 3966 3236
90
733 162
705 3986 3318 4464 1651 715 1668 3811 1972 4579 114
100
74 72
3684 3162 2781 1886 4912 4754 2200 4136 3336 3828
99
246 376
438 4870 4249 4403 2595 3213 2180 555 2429
89
440 792
1115 538 716 3134 1879 4873 833 2037 2716 3467
89
439 231
1926 2720 374 3357 4420 4253 940 4037 1458 3555 3026
96
503 2
62 1980 3712 1381 759 2854 4639 2875
98
161 796
3794 3587 2915 3168 880 2939 558
85
226 238
2870 3919 4246 3552 1898 2428 39 4409 1750 3479 4617
55
513 72
3466 4925 3791 2451 3248 263 4368 4596
98
625 624
2887 2354 3995 703 3910 819 1400 46 3719 2191 4808 1028 3161
80
719 359
3926 2347 442 628 2179 2116 4900 2276
93
272 475
3504 548 4038 3077 1792 1517 4235 3264 4674 736
98
53 666
3110 2325 1193 1004 4082 2604 4622 2789 1911 3129 3226
99
741 796
375 1849 1428 1520 1424 4928 1122 523 1614 572 3967
85
48 181
1118 4131 3272 4433 3746 3394 1997 3054 444
98
254 193
4366 1070 4139 2525 1559 1329 4251 2665 194 1346 4720 726
100
71 499
3053 4665 999 3897 243 461 987 3147 506 4654 201 4554 3677
95
154 428
958 2734 1360 747 1711 122 2366 3848 2178 673
85
503 328
3482 2545 436 2301 2240 2944 288
94
35 52
47 1662 1129 2101 3822 4786 4240 4951 3470 2907 1779
92
227 398
1759 159 3301 887 1411 775 380 4835 1339 3405 4690
92
609 714
2888 2695 2847 4256 376 4263 3071 4535 2707 2791 4797
96
36 380
2759 1077 837 2483 254 1689 1287 1159 2385 3517
98
318 606
4580 321 4103 856 1988 1181 2458 3673 3417
97
403 727
2996 2303 4638 3095 749 2711 1135 4362 2837 4765 1765 2168
97
680 469
3566 2132 2331 3861 2805 1838 4781 746 4496 3777 1764
78
427 361
4262 126 2109 1067 4926 3392 1444 910
65
648 146
1675 4002 3510 2731 4818 599 1658 4179 137
86
479 679
758 2397 719 2693 1295 401 1719 4662 4937 1769
96
97 559
4102 507 4556 264 2663 3523 4060 851 3911 937 1448
97
31 567
4940 2063 3883 892 3597 1272 2080 1703
96
524 543
3018 4881 425 2993 1519 4666 829 544 4178 1260 583 935 2528
99
345 463
2938 3937 4080 1793 1641 3899 83 1323 3187 4542
96
47 314
2500 4196 4340 1900 3372 1772 485 2492 3377 1537 3938
90
786 192
4784 2047 361 1504 1095 2383 1637
88
75 743
8 1340 689 1012 668 952 2949 4704 4936 1979 4018 3753
97
192 350
4724 4481 2300 123 2099 121 4313 1001
92
218 627
2533 1835 3045 293 4360 3364 4752 1014 1064 1904 1874 2258
88
378 624
3881 669 3356 3521 4352 2957 4700 3265 3623 1760
90
208 167
3345 2499 1940 1498 1378 400 2112 336 59 2231 4850
83
492 370
2488 1952 4156 688 4047 2149 2868 863 3222 4746
88
331 233
1894 4920 3156 4091 3276 3538 4972 1253 624 251 238
88
517 590
3528 2390 3348 4206 4743 1915 3503 1214 3976 127
98
798 542
4948 2426 2045 3432 2299 258 283 3024 2639 1631 930
91
715 139
3602 96 2031 472 1140 1169 2248 31 975
86
794 431
1553 2287 4344 3512 193 1527 3831 1552 3427 2733 3278
93
290 188
2100 1494 1374 2048 3142 4254 708 4543 4412 4143 4862 339 4484
98
538 483
1903 317 2311 1653 1038 610 2727 3756
91
54 483
4068 3435 3359 217 3395 2083 3689 178 4039 4059 1145
86
81 644
4294 4603 289 1103 1409 352 4874 2761 897 1601 4042 2074
89
688 120
3990 3634 3409 4569 172 2265 2316 657
91
479 702
1521 4356 3842 4516 4792 2748 4686 4974 3375 781 1981
97
214 515
3074 1111 2065 1402 4821 3068 1443 1526 894 903 1417 4511 4056
97
274 431
3441 1301 763 1839 3690 3890 687 1042 2405 4722 3471 1524 3115
98
20 137
3344 2599 3931 3628 2803 1740 4097 3638 534 630 1676 1843 4795
88
105 429
3379 1511 2864 4479 4548 3730 4780 546 3063 4346 1819
95
163 718
3353 1492 3740 2326 3900 2019 3965 2133 4275 924
95
763 206
3097 349 4410 2333 3846 2119 4187 1669 4316
99
146 35
1328 3381 2530 3325 3227 2886 3084 1290 4396 1168 186
100
208 548
1721 891 4538 3277 1031 4453 467 167 971 3940
100
621 411
2000 2144 250 4546 2039 4929 1670 3987 2990 744 1300 919 2819 2413 2804
97
459 376
1720 3030 333 3484 1170 1090 754 447 245 1638
76
33 692
2656 3518 3760 4966 2233 1509 1251
99
441 63
1909 4439 2924 2054 3793 1816 2700 4739 1946 3462 970
83
745 12
2147 2955 1401 3033 2601 2738 1597 977 4383
90
661 696
2962 294 133 3059 1384 933 2641 1686 1684
94
584 252
3401 1282 1489 2174 1607 2779 398 4257 3303 2247
83
634 374
1580 4492 4472 1713 2198 3570 4745 3535 3964 3496
81
557 626
4424 4030 1327 3652 2537 4425 3107 809
92
92 789
4845 1722 4489 4024 4932 4086 2356 4096 3607 1147
88
331 12
4265 3249 2030 2171 1212 3184 706 1479 3705 1085
100
686 701
2642 3658 4034 2702 4684 3798 2768 3817 2823
99
10 685
3809 980 1990 3440 1870 2879 4049 4841 823 1939 4697 3323
93
588 100
4468 1172 4696 3877 4615 1852 4007 1546 976
100
313 722
3390 4367 1883 4191 1957 1254 1211 1864
91
598 199
1967 2241 3849 2469 3778 720 2798 61 3128 4214 309 3959
94
780 727
4444 3370 3330 1692 28 4338 1303 1618 4597 962
96
254 739
52 3622 4656 1021 620 249 4583 4054 3338
94
205 161
3758 2313 2534 1488 814 449 4867 2251 4783 1572
95
572 563
4378 2072 4031 3544 4735 3695 291 4436 3514 4800 1622
97
765 354
862 797 1788 2566 791 578 4935 2906
92
517 214
4625 2654 4737 3797 697 563 2129
84
317 399
3135 1262 2895 416 3152 3612 4282
99
312 445
1244 3133 1679 4419 912 2698 2036 802 373 2321 702 1978 2603 741
93
594 373
3212 4286 3399 1132 3950 389 475 4528
87
718 438
1934 2995 4314 3581 686 3461 1610 4076
69
23 777
441 1074 1404 3117 1182 2659
97
421 747
3731 157 2234 3922 3545 621 1533 3891 3519 1315
99
331 266
1884 4515 4043 901 2514 2564 765 3733 2839 1337 3239 200 3057 1098
85
675 282
4561 1951 4588 1892 585 2359 2422 1624 3459
83
698 418
1608 2517 4451 3795 2192 1590 2570 2624
98
403 72
3826 1280 148 2486 4183 3610 2928 2512 4958 3335 789 4111
97
552 124
1006 4969 1685 1834 1965 2632 4693 1729 773 1137
75
512 453
2703 1754 2091 1510 219 964 1387 4397 1123 2576 2617
94
293 718
372 2574 4899 2457 2548 2079 2964 3233 4744 596 4555 84
86
456 83
3951 3868 2587 1891 4584 3124 2167 1866 611 4910
99
558 260
3171 2193 526 3720 4185 3722 1048 430 221 2320
80
684 751
1221 4234 654 2221 2987 1663 1742 3901 3686 2555
93
216 80
900 535 3090 1336 3304 2238 2203 2687 1677
100
161 33
4325 3070 366 3550 2932 4221 1846 4474 2586 2490 4022 4965
77
311 335
2557 1268 1220 146 3136 2268 2744 1393 2160 1203 2164
98
589 537
301 1751 1571 3997 2095 4509 3378 4232 3923 1412
100
94 446
4878 3305 3200 568 2495 364 1602
87
247 22
2305 3618 707 1333 2946 3944 4278 360
86
328 416
2282 2142 4914 4904 2188 2352 435 3742
92
43 556
3363 2785 2068 4465 3925 816 3036 1248 2421 269
97
303 577
196 3715 4372 4839 3137 4269 4020 4782 4524
77
624 794
4938 1941 1128 2997 734 481 4069 3646
100
600 144
547 15 1127 3457 872 2940 3633 1334
95
716 660
985 973 4190 2800 1766 175 2269 4547 1350 2201 4828 4406
90
390 108
4408 3354 4227 4220 3766 1702 836 2341
99
75 111
4614 3763 4890 214 3806 2084 3092 1921 396 1954 2881 1202 1240
89
106 482
2442 2245 3065 1541 1542 343 103 4440 3642 1109 4029 1410
91
412 476
3632 3311 595 242 4113 297 2069 4319 3788 3872 12
95
673 660
642 2849 4636 3 2575 3651 3980 3188 3662 1116
92
525 157
3836 3815 2312 2775 3334 1452 1594 1071 2362
98
63 250
2345 1558 4809 179 215 577 514 4401 4669 766 4021
89
616 621
3711 3505 2470 3693 453 1223 831 4960 2461 3217
94
485 156
1717 3019 1226 2329 3100 3478 437 1523 3383 4390 3492
97
144 288
3971 4602 2684 2371 4374 4952 914 4667 1737 337
94
22 439
4695 981 4692 2296 3317 567 3507 3747
87
46 31
1643 2921 2614 4141 3751 370 561 1823 1138 4793
100
490 519
3146 2259 794 1343 1583 785 4732 2951 3422 1947 4741 4829
95
116 627
4842 1592 4699 334 252 1673 473 521 2983
89
626 3
4302 4861 3604 3231 4493 528 4426 2862 1252 524 1
87
779 277
351 3767 3268 3094 2218 1889 2978 918 3668 4100 3209
98
176 467
4432 4288 3536 4620 2406 4088 2380 3454 1715 4774 4485 3017 3688
96
219 274
4459 2556 3814 2963 3892 4120 3611 1196 2449 1584 2610 2012 38 393 1968
99
466 213
2494 135 1344 1896 1163 2111 1057 845 3456 3299 2131 1897
75
509 89
419 3285 1999 3596 3349 2452 700 3380 2813
87
340 787
70 448 4471 2602 1359 2660 3025 4594 2755
97
428 581
3333 4385 889 4798 3818 3114 3972 414 3650 4402 2272
95
586 438
1162 3502 3290 4573 557 4581 2784 314 4648 3037
95
693 177
613 4423 1515 1570 2386 3257 1307 471
90
359 605
3569 2662 2118 1752 888 3765 2926 3991 2749 672
76
575 662
3586 1078 4942 4035 1593 3452 2793 2852
87
386 794
1372 4229 1213 493 2626 3866 1429 4298 4630
96
390 484
2049 4199 2375 2127 2336 4701 6
76
322 757
1778 4064 3493 4508 253 3878 704 4903 1832
99
116 310
3769 4 1806 1697 1439 3431 2681 3832 893
79
417 569
2797 1867 2578 575 3194 4706 660 2994 4244 4730
99
576 310
3400 1105 295 681 2189 3131 2801 1247 779 4817
76
577 106
3522 3613 772 1197 2958 573 959
65
786 782
4347 3637 835 1427 1856 244 1763 4019
91
345 664
124 3660 859 4204 4953 1698 1013 4840 742 1166
95
490 180
408 4260 3139 2577 4694 4933 4379 4371 1331 3534
92
169 406
1386 4559 915 2213 3282 2090 4915 3929 2172
97
712 488
997 1035 2440 2151 1102 4731 93 1563 162 1171
86
363 582
1286 4698 1868 1461 1840 3027 2536 1977
85
548 289
2722 4893 1264 2531 466 1389 2872 852
97
331 307
2502 871 488 1848 323 2016 1180 4052 4057 4110 3072 3488 2519 731
77
542 735
2956 4794 2134 570 2401 2431 2135 1065 2156 4691
100
466 317
2947 2982 1534 1807 3575 2563 4006 3524
100
640 119
4084 1728 2802 810 3957 1447 4897 2498 2183
76
70 273
2138 2975 762 3300 3000 443 4637 440
96
190 742
2103 354 1457 2350 267 1318 2140 2612 2592 1956 3592 2774 1120 3120 492
100
598 575
2239 2989 963 2640 2559 3838 26 1058 4343 3816 4803
95
550 485
5 2363 4470 205 2560 2066 3614 1194 3529 951 2373 1660
97
714 225
90 840 1010 3761 926 3837 4273 2910
97
571 799
4130 539 3398 29 4323 3869 3218 1133 2304 3241 341
100
638 550
1053 77 3539 2974 4238 2814 3103 2891 1491
87
189 239
17 3309 4373 588 4750 2357 474
81
443 127
2889 1955 1497 2126 2627 3661 1490 496 2411 4790
96
441 508
3564 142 2335 543 1481 4973 2507 4855 3082
86
376 436
2187 1925 4051 1139 2041 2745 371 627 2950
83
315 229
2590 2194 177 311 2683 1976 1888 4391
96
367 288
865 290 1407 2742 174 4310 1612 4363 3889
90
590 759
4003 3813 2856 1837 4529 3871 4107 1815
98
280 76
2770 2820 960 4334 1467 1101 2696 2423 4748 4887 4337
94
517 616
4467 4570 3256 1634 986 4404 3903 2009 2985 4590
76
407 689
3904 1644 3458 2136 4734 1855 2676 2580 2591
99
167 244
4678 3351 2699 3031 846 2909 1549 4830 4799 1962 482 399
100
486 395
3451 1025 1932 1267 1762 3121 190 3130 4306 2966 1836 2105 1285 3833
94
212 771
3224 3148 3701 3827 2855 533 100 619 369 378 189 2752 1462
91
276 611
2297 4065 324 4228 641 4400 1485 4905 1126 4967 2739 2655 4857
90
22 515
4537 2581 265 634 1857 3288 2215 86 4619 4125 494 2314 2098 2317
95
486 432
2532 2859 2285 2008 4762 3251 4207 4358
98
425 715
4197 3051 2014 1080 1782 1862 3049 2476
67
659 558
1356 3444 4028 1960 2848 3942 3485 4856
90
405 253
4589 1072 3418 571 20 3584 913 3526 1029
91
611 439
1744 2369 4230 3243 4892 173 1820 3341 612 4255 2729 4422 751
98
520 782
97 3078 3291 1995 4192 2175 2137 1431 2705
73
634 171
3969 3999 76 4428 3641 2464 3075 275
90
689 373
3060 658 956 3052 3748 3532 1279 4267
92
438 631
3543 3240 2704 2463 1034 1045 4813 310 3601 4055 3391
91
90 38
4198 2902 3825 4518 4414 882 4109 365
100
397 584
3663 2694 211 3322 2714 3204 3002 4796 3403 2307 2501 187
90
60 540
4186 3644 4931 1084 1055 4898 2210 3829 3339 1414 895
86
797 321
1289 4712 795 3562 1619 73 1086
100
255 794
733 298 14 1664 1667 3055 4949 1396 800 2097 771
98
72 232
3172 1730 327 2948 4252 1124 3281 3757 1229 2437 4449 2455 1113 825
85
87 581
3180 111 3580 3947 3678 537 1283 1945 2712 2953 1914
96
765 467
347 4723 966 3913 1114 3331 663 2353 864 227
76
612 257
623 1708 2053 553 10 817 4832 3547
98
108 123
101 2853 3608 1391 4077 1591 502 4758 1151 439
84
656 466
3908 1745 152 1554 3174 3577 163 2186 1030 4304
95
371 708
1943 3433 3640 4460 4259 1831 2145 4326 3371 1699 1464
100
410 23
4450 2067 2102 2302 2327 4770 3035 1015 3308 3692 2364
97
624 105
1790 3771 2933 27 489 1317 72 421 3464 4094
100
437 391
2773 299 540 1380 536 4946 4773 115 2410 3242
93
25 286
1655 983 3681 2633 2792 1566 4359 4778
94
93 671
4074 237 3487 3475 3843 4061 4328 4014 3340
98
499 216
3446 3206 4497 1706 1944 3234 3337 2954 2637 3737 2876
97
594 426
394 878 1232 4212 3595 1051 3113 3012 1365 3465 3283 1259 4236
96
203 75
3867 4709 2549 1799 2393 693 2170 4101
81
71 580
1606 4461 4534 1777 4258 2937 4247 2760
95
302 158
480 3274 735 3237 4533 3974 3495 1261 4434
83
403 335
3879 3960 2343 3329 808 3229 2396 2809
88
329 379
1696 3941 3805 1747 1758 934 2182 3588 2071 2710
95
556 74
138 4398 1923 4200 1150 4418 4176 346 2436
91
330 164
753 3022 2968 1578 1598 911 4119 1079 1579 2524 4585 3210 2750
88
776 468
4078 932 3455 3182 2255 4446 4180 3859 2903 3175
88
510 482
3559 3088 3721 1982 2521 4093 1130 2945 2600 3738
91
87 310
1269 1948 1366 4531 1773 2104 454 326 2246 3020
95
474 265
2330 3956 4388 1375 4004 165 4138 1249 2508 4650 1040 1796 1024 636
75
656 503
690 3448 995 1942
92
139 69
2899 2930 3935 3582 1992 4814
48
641 495
4152 377 3996 2197
13
50 690
2647 247
70
787 537
978 3498 1358 1312 1468 1922
46
712 461
2244 3313 3151
75
372 21
2020 2721 1850 3413
57
661 36
2010 4804 4572 2427 4223
81
375 242
2281 3682 4353 2550 1364 3783
57
318 459
1066 3845 3193 2082
42
665 92
3781 711 4567 541
60
343 700
3085 510 1560 1993
40
204 4
2579 1616 1044 1731 1627
68
244 495
112 3683 458 128 1442
86
52 4
2572 602 1094 1209 750 2636
90
438 474
1298 1007 2769 1341 210 1585
93
767 77
4725 2670 661 3230 4963
64
10 87
4717 4330 1416 4715 4568 4261
81
712 747
409 2456 390 2834 3789 4154
65
126 734
4941 1755 3727 4456 104 2708
0
542 758
1861