54
300
298
581 407
237 194 332 428 492 147 241 5 292 494 288
207
62 644
378 224 491 399 454 20 91
294
141 270
284 483 243 87 287 129 385 38 427
271
396 697
361 325 69 475 458 358 134 373 452 68
271
756 472
128 455 201 191 330 36 163 384
292
226 774
181 193 176 148 391 73 265 366 392 135 482 53
258
675 215
488 348 56 74 461 48 337 383 349 344
282
574 558
26 303 203 44 121 119 3 301 151
250
583 277
275 50 21 320 302 254 66 215 293 247 328 338
278
735 514
285 225 271 431 172 473 401
264
221 178
250 39 138 306 107 55 487
298
713 424
170 71 182 429 179 329 7 382 469 28
266
211 127
108 37 451 257 412 500 146 334 63
289
157 647
207 192 137 136 430 248 259 96 141 474 57
290
722 302
319 298 175 272 61 206 435 27 377 188
282
776 177
43 219 388 246 19 238 426
296
499 117
60 443 35 489 309 476 64 173
254
307 573
432 407 438 478 13 481 433 375 98
286
21 400
131 160 308 195 312 185 498 323 479 305
291
575 113
490 117 471 130 313 149 144 93 132 414 184 477
293
541 648
468 439 76 369 180 436 25 260 307 486 79 266 424 350 6 187 297 162
296
312 330
239 449 453 326 397 161 62
293
468 511
171 236 112 362 168 109 252 114 145 217
299
49 141
31 251 268 158 156 41 367 408 77 12
298
157 143
205 470 324 169 232 421 372 253 216
275
367 577
97 106 51 110 347 493 89 166 30
238
689 337
423 304 199 65 276 167 291 339 270 261
250
480 458
140 177 447 100 400 142 442 434 318 101 404
298
286 290
279 411 123 496 389 379 226 315 336 282 317
296
76 569
499 355 198 83 448 374 416 283 90 274 82
287
612 710
242 273 402 196 220 218 2 213 352 47 111
272
198 506
78 300 286 70 264 371 290 322 14 342 444 480
223
412 251
95 464 99 387 278 197 365 189 255 126
171
315 1
269 354 204 381 460 214 360
251
723 667
440 343 396 174 363 229 139 4 327
282
382 713
152 127 465 410 368 403 321 267 419 456
276
128 198
280 346 45 390 341 311 54 380
292
129 800
413 495 333 113 10 244 49
273
209 608
94 190 183 289 222 1 105 80 33
282
244 432
393 125 8 88 124 104 11 450 228
294
517 616
17 86 23 29 154 223 143 120 72 462 9 92 67 364 277 420
294
493 299
157 263 59 240 34 497 84 351 178 299 24 262 249 463
239
363 118
58 159 409 405 233 359 418 425 18
257
403 289
295 227 258 437 245 210 15
298
651 788
353 211 316 459 46 153 202 208 40
283
448 80
150 235 415 417 296 294 467 118 212 466
280
406 786
357 85 310 256 42 103 155 165 394 102 75 335 422
246
112 421
16 484 331 356 116 231
294
665 92
446 281 22 345 133
164
767 100
406 340 472 234 441
153
398 22
200 314 32 186 398 485
267
140 508
386 445 230 115 164 395
210
692 737
376 52 370 81 457 209
81
386 458
221 122