411
300
258
970 666
2369 915 424 2581 1639 2769 1741 782 1486
297
492 1667
691 2986 3794 1107 2353 3731 2474 556 1227 160 3402 3774 4666
291
1274 388
19 3359 4270 4480 1604 557 3419 3804 3080 1439 4856
282
1387 1777
3519 2541 3991 4242 4327 2893 2916 1692 3334 4022 2977 874 1839 3603 3682
191
576 1226
726 3026 4064 1441 2981 4179 1780 1003 1086
262
180 1594
1931 3223 2895 523 1054 2955 146 2519 3203 1017 3721 3180 3410
292
582 1407
1956 2336 3226 4550 2026 2791 2252 1619 1545 4153
283
1541 343
2943 2196 186 3953 423 749 632 1694 1214 606 1768 2499 4290 4385 4126
293
614 941
2550 1874 3408 3218 4253 1204 3128 485 1686 1543 3184 503
298
1996 751
1538 4163 3828 544 26 3571 2128 4358 317 3492
275
1914 1219
4859 3592 3266 4883 2540 3881 1868 1242 1483 3893 3890
291
5 1238
2350 4367 4355 1149 3842 1989 4230 446 790 3154 421 307 1444 3987 3870
206
221 1315
1701 3864 4777 3652 2247 2302 2765 2259 7 3885
254
1254 371
2381 2507 1994 2678 4459 3475 591 3590 2604 4536 2393 1762
281
1915 613
3272 4771 2074 2123 328 1888 1349 2851 3350 1471 4937
292
167 988
1693 2103 4133 2149 1775 1915 2982 1353 224 108 4096 4528 3377 3432 422
265
259 239
4635 1838 1098 2222 1496 3580 3306 1045 2379 433 4101
251
1538 1506
3224 2725 904 3752 3609 3098 4289 2517 412 2317 4877 456
295
1049 107
1781 825 1589 706 627 1080 1002 3951 4198 4763 560
235
1764 1901
1763 2119 1023 4928 4392 758 4603 3905 4326 2549 4301
224
1528 1098
4717 356 1434 4511 806 4849 2754 164 1307 3688 2542 646 366
290
251 1490
1380 3065 3935 3146 1950 3509 2433 2430 3702 4426 4606 3719 4492 1930
238
1540 1415
3261 1637 4167 4285 3596 4526 545 2364 2140 357 4807 4288 678
286
1013 375
2035 2004 3850 1247 4162 948 4165 4098 2807 1973 4250
287
101 1172
3714 4381 1747 521 1834 601 4658 1955 1967 2078 114 921 3747 4664
288
974 1210
44 2932 2849 1570 1802 3601 2668 510 4568 4614 2009 3265
286
165 775
2688 4801 515 919 195 4946 754 612 1809 1824 3660
293
574 263
1428 4768 4028 1268 1626 1383 3523 3764 3510 4892 4799
291
448 155
159 2407 3948 4099 3621 165 3189 3394 2436 3424 248
244
653 480
1719 2124 1702 688 868 2882 1260 1402 1660 2647 1904 49
260
126 1726
3427 2044 2566 3320 4532 1111 1367 4738 1691
285
593 772
2465 540 3796 287 1544 4262 3303 4925 4 1850 4121
296
1466 775
3428 2098 1339 2042 225 2847 2460 3833 3917 1399 2405 2560 1403 670 3193 3078 1557
289
1904 1752
3582 3070 4679 4168 4737 3859 1246 3131 270 1363 3127 4182 1725 352 3534
291
1864 30
2714 3384 1819 1617 3385 4639 2077 1932 582
278
1106 318
702 281 479 4132 3733 3159 573 2823 2426 4196 642 4945 494 439
278
565 724
2993 229 1698 1787 3798 619 3856 831 3476 4888 2694 3368 780
271
1636 570
2048 2592 4318 2271 3277 3894 856 2000 590 3710 1172 3072 170 2680
278
1989 1783
1465 4317 3598 1197 147 659 3009 71 3198 1598 4811
276
1205 906
2449 803 658 2615 283 4796 3759 1329 741 4418 2221 3579 2958
262
543 772
319 3206 4207 1743 2821 928 1823 2164 1531 2929 1944 3192 1264
292
1515 332
4962 531 2424 2686 1469 4948 4336 3327 3802 3745
253
1394 225
1547 4460 1568 742 1084 2306 35 3310 682
288
1095 1185
2529 1536 1649 3183 506 399 3052 2090 1696 1873 3975 4895
299
273 474
3145 1558 4503 4570 347 2102 1193 4810 4432 4180 4003 1400 2092 4924 58
277
127 1072
455 4709 2338 277 1401 1194 623 4456 258
296
1436 1395
2750 1169 3637 4193 3546 3627 2785 1609 4707 949 1079 1892 4339 2838 2672
279
1715 456
2163 4897 1752 1453 4184 1811 3567 3044 2442
237
1494 1437
3318 3661 4665 1563 993 857 568 1199 1346 4120 584 4990 2305
284
1308 1703
548 132 4056 201 995 1561 1746 173 3730 2457 2909 3347 3962 203 3264
287
1702 19
3360 273 2578 3086 3042 1976 4117 1614 438 2553 4633 4023
299
1275 1346
1121 3150 4743 4884 2693 3066 3897 871 4638 4759 808 3354 1569 624 3468
289
1558 1900
705 2115 4075 1164 666 2220 1882 2921 4500
296
927 1769
719 3762 1460 4952 1897 1636 4177 2659 616 2278 4359 1546 4569 3633 2651
285
98 1874
3487 809 1960 4516 1610 3153 4978 4454 4740 188
280
1353 105
4039 4870 2178 4645 1986 1309 239 4332 2752 552 2032
299
1192 226
1505 4812 4876 2365 2057 2383 4356 3269 3378 933 4531 1814 4951 2293 2570
271
1767 811
4197 2627 3443 3865 1777 4813 1266 2723 1462 1971 3972
295
391 1543
4792 4333 1905 1729 384 566 3999 1038 4104 410 30 3638 1474 2611
220
1039 1563
1847 2337 3886 1764 3495 743 4310 814 4540 280 4169
294
374 429
1749 1991 4155 2031 2001 102 1653 3488 468 3778 4995 1099 2913 3390
299
608 1014
14 3647 208 84 2966 1044 1325 4598 4055 4025 2833 4909 667 1512 4215
280
660 903
681 1846 2718 3045 3466 1900 4622 1387 2301 3551 463
255
568 1125
4992 2776 1938 2617 4554 1259 2840 3919 2069 2158 3002 2748 1323 875
292
1781 508
668 2729 4847 2045 628 2483 3878 712 364 2557 1926
294
1518 1889
4627 86 2582 2212 4306 1096 975 2618 4223 25 46 2772
286
157 625
2712 1881 4839 4176 470 4960 2891 3353 1236 1345 3149 2395 2403
297
1228 1086
1553 471 1790 3074 50 1429 2736 2533 4024 2229
274
701 191
3613 137 3330 428 4302 238 436 3155 4861 4282 2596 2903
239
1288 829
1179 2625 3357 1506 3232 1262 80 4244 419 1225 4194
290
396 1414
4684 2869 931 816 4135 3398 4157 3561 2632 724 2051 2279 3784 2475
288
1314 1389
945 738 1331 2890 1156 448 1213 3808 4470 1446 4942 4425 1620 3906 959 920
293
1783 1745
1305 3284 4372 4368 4816 1615 4564 4906 45 2919 2246 4057 924 3877
279
1457 424
4008 122 3921 3640 1516 800 1827 4259 2735 701 2655
279
714 725
3085 2404 4377 1893 183 1913 4378 4984 3491 3701
300
1684 311
2802 840 4221 320 2783 1539 909 3163 154 4724 2745
291
1634 1598
527 90 906 1299 859 1377 978 3434 176 3162 198 4341 3795 1269
299
1995 520
1358 3255 2047 67 2401 795 4820 418 395 1855 4357
242
477 1715
4335 2387 926 2205 3262 2515 4716 4977 2652 2476
300
927 185
4643 3516 1654 388 4667 309 264 2953 4092 2523 653 3998 729 4719 3076 3687
295
86 131
3352 2152 733 217 3185 1899 862 1961 1755 1714 1862 3295 4845
254
1726 772
1007 4857 1134 4045 2886 2070 697 4628 3995 4910
260
1978 172
1642 2724 1311 618 3125 638 4894 1090 1362 179 2053
300
424 1369
475 394 1154 3399 381 3978 1651 2900 4940 4442 2145 3351 385 3426
294
194 1241
714 337 3285 3457 934 2198 1316 2697 2871 3954 2711 3007 955 227
294
624 240
3144 1008 4137 3169 3521 3556 3922 2629 477 1977 3910
267
1341 1919
73 4414 609 3273 3490 1174 2796 4803 4195 211 76 1852 1857
293
1275 1464
3361 4571 2262 4004 431 1147 1559 2858 2701 1430 2238 2208 260
286
646 381
2254 4769 4818 214 1418 3316 4616 839 1327 4143 4741 677 715 3827 3478
297
1849 1460
1395 3506 4151 965 3901 845 3586 158 776 3584 1450 2236
279
904 746
849 253 2160 1300 77 4933 199 302 4916 4760 189 4419 1744 2741 4736 2757
294
1273 1182
2819 597 3650 3092 1866 1684 4851 1118 4362 1687 3649 2174 1833
293
1684 1548
1135 3837 3604 8 3091 4161 4472 3379 3381 1595 3832 2484
290
1937 1029
2010 3615 444 1861 2448 4412 3746 2834 175 2679 2466 5 389 4654 4410
265
671 296
2173 1927 3222 495 3143 2498 1295 2422 3017 3612 315
293
640 590
1648 1139 3314 2423 1272 2348 308 1468 2698 2169 3493
291
315 1048
3380 2637 2392 1548 2469 1388 3799 2947 4585 3067 2739 1207 1704
299
364 1976
3500 2866 4604 512 275 3299 836 3015 1820
281
880 877
1127 685 2616 3116 3405 2020 1326 2316 2377 3608 1534 3304 4713
298
1640 1086
561 633 2644 4700 1303 4334 4808 2601 639 4863 917 625 1082
298
492 989
3554 3815 484 2836 2494 2654 1507 1064 1317 429 1409 1010
283
1400 1731
3012 4789 4672 4778 2885 48 3667 2216 2950 1647 656
268
180 581
2171 1185 3376 4249 1635 4959 4354 4160 4730 1662 640 2402 106
288
1792 295
2970 2342 1748 908 3538 406 2068 2446 1520 4954 262 6 1150
292
1472 656
4068 1140 3174 88 1014 3461 2055 1582 2060 1422 359 4599 2153 1742
230
1328 85
2990 2732 1658 4866 2389 3934 4082 358 2817 1417
282
922 1615
3356 365 432 1969 1844 2699 1613 2041 530 3075 4517 2037
284
1000 194
182 3751 4451 344 3863 2265 3729 2554 4610 1726 3176 3679 2034 3779 4973 4774 4699
287
213 691
916 2226 2638 282 1806 1131 3548 373 4809 4018 529 57 3194
288
1317 833
1472 1682 4605 1607 4804 491 2609 614 4275 1368 553 2263 3683 1025 4920 297
269
13 379
1384 1759 3335 1502 4468 1263 240 4889 2003 2049 2859 709 405 2563 4001
291
805 1894
2994 116 4826 2120 1518 1929 4443 585 3823 250 4980
280
1458 1927
3937 3485 1168 4967 2012 3880 1562 692 2002 1423 739 745 1894 2922
287
1484 1064
2518 1941 2936 1310 551 4502 3451 4145 2546 4078 4240 3772 2151
295
582 1747
2346 2504 543 3474 1556 842 852 711 964 338 3392
291
1190 962
1143 4790 193 15 3420 823 4413 3853 602 707 2399 2775 441 4029 645 2237 1972
291
234 1114
3933 1355 2556 2382 3574 636 3267 2495 2304
287
1913 1168
4647 81 263 4050 564 1092 1196 1542 204
294
1818 1362
896 3111 3539 4316 4402 2568 1075 1816 3245 3102 3148 3811 4054
287
1432 920
2996 3801 569 1889 3164 1732 3477 3000 2052
294
848 811
4514 4485 2740 3055 747 912 4398 992 2591 2716 1047 2104 3575 2536
264
353 674
3494 4346 661 2360 4489 1151 3186 286 1995 4476 2534 1294 4875
295
1587 1599
1088 3929 1287 828 2841 34 3276 2918 2071 69 1918 2038 3838
191
1294 1090
497 2792 2503 892 2487 1485 4593 3867 3536 876 2728 2634
217
32 1601
771 1333 4140 3672 3835 1369 4439 3254 3963 1356 4565 1191 2143
294
1896 453
4976 2713 2780 3031 1923 2975 798 3286 3581 36 75
263
4 1359
4227 3610 3496 3773 1801 2378 2219 1159 1165 1390 3806 1583 1513
286
1710 671
4170 1290 4061 1412 2372 4006 3924 634 3282 4506 4071 1122 1133
297
772 496
72 761 4380 907 3946 887 2979 589 2527 4872 2283 2146 2175
279
438 1677
4154 2664 2944 844 858 4072 3317 4822 3113 2703 4710 3607 4482 4084
296
749 1595
450 1713 693 4257 905 3448 3656 1721 3907 3737
295
1141 997
4111 2842 354 4256 3211 4619 1965 376 4031 2689 205 2787 1815 2558
296
620 1180
330 1081 426 346 704 3839 3283 1585 4836 4395 2822 2080 2948 4323
294
1037 1253
3001 1571 4130 1621 4706 4085 2665 2720 3013 2257 923 4770 953 1161
289
375 938
4046 54 4830 1776 3034 2715 2017 4886 2177 3503
273
109 1342
723 3248 4043 3663 2480 2870 2781 3142 3599 3373 2112 4844
293
1375 14
4573 2587 3789 3059 3039 1940 3537 565 304 898
276
1051 1854
773 641 1371 4416 3616 1115 3274 2756 3622 1437 631 3025
262
1585 427
1666 3597 3422 3704 3064 2024 1555 4438 3178 3939
287
350 396
2314 1565 200 1581 1051 759 4562 2432 1898 368 486 4186 218 2887
286
1776 238
2438 2925 4993 1783 2770 911 2572 2705 1087 3753 4481
280
625 1648
1385 1514 3781 2743 1178 82 4266 361 2649 1216 2667 1587 593 2512 23 2195
260
847 383
237 2610 1312 999 2889 4330 2415 1467 4896 118 2902 664 647
258
1275 930
2207 883 542 2671 4239 2281 4407 4832 1270 1586 3852 3932
285
1796 1801
3367 2326 3568 3793 4602 4389 4408 4093 279 1975 3177
263
1268 646
1966 1389 1376 946 4631 567 254 1785 135 3707 2614 2008 532 679
224
1727 748
1803 1458 3469 1916 4148 2341 4027 1602 4201 4365
283
650 1295
1322 976 2676 3101 1858 341 4115 1825 4436 1579 604
290
73 69
837 3944 2136 3711 3841 1718 3415 1379 4067 1314 4314 4108 104
287
1129 1942
1987 325 1673 4100 3767 578 4297 4986 3923 3805 4784 3605 3029
288
555 739
1308 2911 4862 4238 4697 855 28 2489 4486 1690 4520 41 576 1946 1832
279
764 857
3520 2544 4501 4729 396 655 801 3190 4138 2217 4296 2093 2917 2528 1515 4996 520 2767 3698
298
822 319
1407 4079 1767 206 687 481 2459 4293 1754 2373 4805 460 235 1340 1464 827
285
1424 539
3158 3220 2690 493 1373 3947 1990 85 311 4762 349 3324 537 4840 1313
296
113 1793
784 3786 4212 600 4471 2608 732 2144 744
293
1329 1003
3845 1695 1982 252 913 3984 3170 791 2746 192 1419 4874 4428 2479
285
480 1808
2832 1532 2322 4555 1116 3632 4742 4278 2137 3676 1627 2768 4364 3689
282
449 1119
1066 2309 20 4961 1048 1488 777 2202 3319 3061 734 207 1061 301 3307 3117 683
289
974 1118
1957 2806 171 2824 4305 1818 3855 4192 223 1173 1067
240
1239 615
4002 3908 4343 2788 4761 2683 834 4077 3473
272
1798 748
1979 4199 3565 1494 4271 375 4887 2766 954 3212 4556 1093 3723 1321
264
1447 1637
774 786 4591 4261 3928 2733 4397 351 2914 120 2906 3100
290
1667 1854
228 663 3974 1024 3726 1042 4308 3553 2333 140 4583 3655
287
1292 1541
256 4549 1265 4292 1393 841 3740 107 860 3345 2485 710 2506 4131 4265
290
181 872
559 454 1500 272 266 2135 756 59 4019 1366
298
1316 1635
1359 4893 1993 4464 1679 2954 2117 2904 2778 2656 833 930
299
863 665
1758 972 4908 417 1208 499 961 635 4674 4935 4860 4681 1996 4458 313 4246 4376 1386
273
1908 1122
1421 970 3715 3137 163 4421 1951 672 649 4226 1138 3696
231
1827 223
2455 3484 1324 4272 336 4156 117 3889 3930 1267
298
348 172
882 3985 620 1751 99 2473 1508 1939 3437 2193 3884 2505
271
968 878
3699 1953 3429 2521 2061 1433 3728 24 3321 2228 1638
269
48 1764
1680 4048 1884 1958 2704 3460 4319 3912 447 797 4829 2 1706 4494
281
297 817
3336 4751 4758 2199 3205 941 4097 4750 1672 2129 586 4448
298
1270 479
2657 4450 2286 3191 2997 1998 2666 1886 3662 4388 1427 3349 56 990 4868
284
543 1623
4766 3854 4420 4299 730 807 1277 1005 415 4572 4663 1411 3931
231
1041 340
2537 363 3619 2992 4352 1794 2478 141 216 197
291
1098 1783
466 1709 2040 4733 340 2065 4563 1049 1676 3611 2978 1707 1981
290
1497 18
2376 2290 4298 2721 2130 4066 2594 1632 232 66 996 3787 60 68
258
1445 1042
94 3489 4637 3315 1826 1210 152 2892 4393 2285 1928 686 181 2021
292
1542 1747
1097 4080 2597 149 4586 513 4069 932 2072 4798 2022 2803 2019
294
1529 520
3680 295 4833 3825 1106 3617 2773 3573 4651 794 2180
286
226 1811
4399 3027 129 2663 367 1530 430 4956 4964 112 851 453
283
927 277
4919 222 3435 2575 4958 3648 1992 2150 587 1011
288
1713 79
4989 4905 4655 1856 1769 2187 3724 3813 4172 3589 1261 2508
299
1413 1626
465 4623 3705 3397 3172 3256 4465 3982 4374 956 1381 4216 925 3749 2274 3328
277
382 542
3463 124 1189 4139 3217 3325 3289 4225 4611 4437 3296 2864 4498 4653
277
1706 1377
1924 1249 2385 1212 53 1198 644 1130 522 3311 4469 3820 167 180
270
1284 486
4351 2418 31 2062 3664 974 607 4756 3967 2813 4251 3465 4218
294
586 628
212 1108 1094 3916 1123 1608 1670 12 101 1449 1420 2441 3800 968
296
590 1861
2923 168 4477 4690 1646 4113 3866 3968 4941 3247 4386 2250 271 547 3831 3344
299
1694 283
2706 657 3079 783 4012 2477 1492 4427 2225 4400
241
1723 1318
3292 3532 2852 3181 1510 3421 674 480 425 684 2087 2114
217
168 1911
914 3508 1404 2204 1853 2940 4842 813 4661 2825 3657 1074 4103 997
289
1601 387
4141 498 2530 4224 4869 1218 1795 1041 1663 3736 735 3362 3909
295
916 502
408 2520 1750 1959 1112 3216 579 3388 4527 3544 3957 4185 2319 95 864
294
1457 1514
2241 3022 4062 4634 4434 2682 671 1364 3830 1361 3241 3816 4107 1372 474
297
1831 1500
872 2673 3326 3895 1925 1919 1753 196 1192 4268 1424 1398 1906
292
208 346
1414 1622 534 1878 4405 1104 3106 984 4444 1887 2513 3068 2298 611
253
1776 910
2879 1050 947 2760 4204 2532 1867 3051 1006 2976
262
741 10
1630 4059 830 230 1320 391 1842 4499 4533 1549 4348 3089
300
505 949
3624 2758 1804 4705 4171 2595 3387 4518 4587 1167 2315 1233 4331
296
1555 1076
4723 2351 3156 751 2420 246 2511 3502 3081 1978 4286 1298 4662 2046
296
342 1125
4269 3990 4982 4279 4867 243 2658 1292 4202 4676 3535 3896 2985
282
1213 1314
2116 3950 4497 2490 1357 2619 1812 2633 22 1584 1101 525 1947
289
635 124
3673 234 255 403 812 555 4675 1828 1334 3449 2268 3569 1848 2795 220
296
76 1353
2486 2138 4615 2100 2192 3847 2445 4063 2830 1717 1495
298
521 1023
4551 621 721 3810 153 778 1921 4755 3497 2846
284
273 1397
3927 1524 4827 1652 1907 1677 4411 4452 690 4449 1013 3543 492
285
1726 1283
2450 824 4076 1095 4044 161 4917 789 3903 3635
254
889 996
51 3882 2464 3768 142 166 1350 1348 4915 2440 1540
300
1009 455
538 392 3742 1447 2429 3442 1911 4907 4649 4284 4625 1119 4073
298
5 1516
1797 1354 2088 1580 1841 3986 2565 1113 865 343 3160 918 3524 1457 2134
273
934 663
2443 1289 169 409 1432 518 2101 87 4669 2058
299
63 746
3250 4548 1830 2585 3406 969 2452 1062 1436 4150 4642 3525
241
79 517
939 4657 4147 3375 383 1180 4934 769 316
290
1682 1651
2670 3047 2148 3549 1575 4703 873 148 2270 4530 4337 4363 3993 3600 1640 4968
268
1014 1435
4060 2039 2122 18 1922 404 4601 4274 1072 1572 4878 411 3677 1808 2761
293
512 1343
1936 2942 3430 2717 4966 2606 805 4899 3167 1035 3529 1089 3797 2329 4507 1128
289
1913 885
98 594 2015 4656 2324 4708 2747 3053 462 4539 3981 2380 303
273
1129 606
1807 2127 4734 4541 1040 4183 3976 3278 32 3862 2244 1027 3977
286
465 275
1206 4926 2945 4561 1541 348 4134 4034 2275 2573 3743 3221 2972 2156
291
1010 83
3115 963 1244 4475 2805 1284 437 2282 4321 3006 942 1948
269
1023 1626
2626 4911 2213 811 1083 202 2482 4552 4590 1442 4254 93 2952
267
1761 97
4049 4714 4646 2013 42 362 1155 3073 4391 2206 125
292
560 1970
4220 3329 4748 4578 4683 1037 2214 2910 4936 2814 1722 4900 1254 458 962 652 370 4422
264
807 517
2899 2937 1378 1413 1020 988 1573 3332 2839 2408 2453
297
368 391
853 3151 119 2185 1239 4149 3105 1523 3658 725
269
1195 178
885 3782 792 1222 4727 4431 4815 2266 1633 3578 213
296
496 630
878 4560 2844 3690 1203 3418 861 4491 1724
300
1517 252
3550 1645 2451 2938 97 1459 599 4618 2384 2176 2837 3643
290
965 1984
3872 1 4558 1896 3628 3645 4235 3337 3540 4188 2079 4146 1030 2269
240
1446 599
1416 294 2215 2249 1077 4338 121 1943 249 3233 1792
291
1859 1510
1396 4831 3775 443 2801 4349 1288 1831 2620
292
1585 936
3383 1813 1033 2089 2800 1880 509 3541 2358 4264 2845 4794 4313
300
387 803
4174 2201 413 3136 4089 115 2962 2599 617 2311
290
1012 856
473 459 300 2125 2230 393 799 1271 3452 2653 1740 3697
266
147 1966
2969 1448 4473 4787 504 4074 3513 3294 1588 4495 1618 866
277
1825 428
3791 4595 329 33 1650 893 4229 2734 3997 1877 4307 516 1869
276
358 1273
2784 1296 2339 4981 2312 1497 2737 1182 2695 2354 2963
261
937 1100
483 501 342 4689 4621 1708 3021 991 3171 4277 2161 615
271
81 1503
2588 2355 1829 2155 3716 4988 3888 369 2726 4508
279
1121 576
689 1550 1004 1865 535 3062 3202 4584 3547 4696
252
1914 111
4490 2481 1688 4793 1306 3822 3152 4534 2957 1220 4189 4011
270
285 241
1629 2744 4791 1487 1890 4360 779 2391 3735 2708 2988 3035
265
159 1844
588 1184 3370 4429 1120 870 2648 4295 461 514 4441 502 3058 1779 1410
288
1013 632
3926 327 1772 648 580 2492 951 334 1223 2108 3201 3654
270
441 264
371 960 2538 3369 2106 74 2700 1232 572 3817
275
1401 1120
4190 268 1056 157 4652 3393 2409 3123 3507 3695 2722
271
354 1408
1665 1736 910 2603 4547 2109 4589 3572 3440 2248 4609 4304 2912
291
917 1698
1078 1148 61 696 4037 2816 382 4817 2645 1674 1285 2097 3179
284
1801 703
1315 3665 2930 1634 2431 3634 4158 3082 27 3653 881
284
681 249
3122 4871 505 4575 549 2675 187 326 322 1211 1443
296
485 483
4682 2188 3230 2288 4800 4746 4660 3883 3646 1230 4125 1188
296
138 1592
1091 145 4457 1656 4015 1255 488 4698 2545 2759 3339 2273 4543 2681
280
647 1758
3439 1454 4040 3366 3623 3355 3744 3708 3188 2696
284
914 1522
4943 4721 903 3748 2624 1347 973 2915 70 1481 3140 4846 4058 489
293
88 410
3545 2280 4850 414 3209 3606 265 698 449 4523
294
1742 479
1195 3526 2749 416 1374 818 3120 2855 1335 3994 826 2297 1765
288
85 780
1901 3911 96 4904 4701 4519 854 4430 4630 194 2307 847
261
95 194
398 2368 4178 2362 4505 720 1328 662 3788 3980 1102
297
1562 853
2030 2827 1234 2330 519 4217 355 4320 219 4110 2076 1793 3467 2586 333 788
298
1484 932
1962 1712 261 2111 2232 1716 2183 1774 2797 2820 1730 29 938 4118 4786 541
274
1248 91
3237 1786 2396 4219 1126 1594 596 4732 2774
288
293 324
155 2349 4873 2674 2561 143 3238 4922 4974 2692 244
219
773 1300
2272 4521 210 4929 4753 3614 900 1699 554 2598 1330
257
1160 1647
2811 4273 1076 1537 4038 3139 1659 2398 4245 63 3955
228
1917 192
897 4880 753 4406 2600 3626 2056 1845 680 2794 4775 4640
289
1995 1354
3956 2200 3712 3754 971 209 737 558 1190 1452
299
1508 151
987 2191 3812 2908 2243 4779 3914 2011 886 2826 3038 2463
288
1663 1762
2894 1209 4173 4854 2359 902 1039 2406 750 550
295
1581 812
998 695 869 2623 3204 3876 3227 2427 113 4487 3228 3018 3242 1176
292
359 1756
4782 2063 386 511 4209 3483 259 3364 4312 1394 1738 4864 507
289
116 78
1065 785 2753 675 4042 4181 1338 2888 3783 694 1228
266
1724 804
1470 1903 3374 3386 4033 3734 2878 2868 3960 1631
271
1243 1735
1821 2343 3642 1021 4258 1999 3659 2590 2260
298
1668 494
1851 3130 2535 3755 4342 3873 665 581 397 472 292
297
510 1749
820 1810 4409 796 3147 2951 2411 3213 4187 4214 2210 4580
265
1131 510
3404 2467 4070 2643 605 4680 1624 1817 37 1603 536 3482 2897 1644 3037
287
1713 1035
1392 1533 4102 3313 2147 613 891 2437 822 3570 3060 1937
241
1947 1561
757 3826 1822 2762 3298 746 4838 2782 1641 1554 1499
288
643 1476
1253 958 3511 3891 838 233 3215 374 3003 3670 3057 3501 3071
293
1582 1882
191 2501 1773 4243 1105 2621 1012 4114 944 3323 3528 1552
252
804 1241
2593 3769 2416 1498 3459 4702 3706 4694 2264 901
276
1082 1471
4930 3988 4947 1796 3048 2425 2967 3765 305 231
277
964 995
2028 1837 4965 100 1577 65 2777 4231 296 3 457
284
732 1316
4950 4260 3253 4433 1789 517 3109 1153 2884 3391 1183 3961 1770 2613 848
294
1405 242
379 3739 770 1275 622 3629 1668 242 4142 92 3182 1745
270
719 1382
469 1425 16 3049 2456 4970 752 3425 1954 3758 1578 2995 2414 2873
290
1262 337
4232 3168 4021 4607 2622 3694 2863 577 335 3036 2234 3671
256
727 106
4953 546 4824 2669 314 603 524 3032 2107 2131 4677 1864
244
739 1011
4641 4461 4512 1240 1031 4095 2366 2105 4233 2877 331 1015
276
202 959
2181 877 3846 4394 2005 3760 1667 2928 2731 1463 4728
294
864 1844
3011 4600 3630 952 2139 4300 2184 350 1231 4932 2025 4688 1187
280
1930 1190
312 2356 2719 2325 4901 4914 2167 3251 1252 3043 1029 2095 2413 1643 3134
295
1562 1671
2397 1501 3918 1241 1238 3416 850 3533 3208 2496 3431 1129
277
1148 332
1022 4515 136 2702 4648 3857 1517 4267 2428 3441 257 2661 3409 2965
244
925 1109
4921 2328 950 1616 3008 1661 3096 2956 4692 4144
279
1921 385
1100 1917 4881 79 162 2641 4715 2454 2835 2118 570 3522 476 2579
288
1138 1633
4166 2327 979 1601 1070 1157 4000 2007 4467 728 4109 3945
286
1265 1968
4644 4855 2121 3552 52 4776 4592 762 3594 1782 1248 2946 298
266
196 1061
3077 3395 1871 4236 83 1229 3777 1964 3095 3952
242
769 1698
3305 880 574 3207 2493 1016 3959 138 1521 4668 3860 2162
293
467 1199
3965 2091 1681 1034 2876 3641 2881 1201 2987 1258 3371 2186 1142 269
299
773 1877
105 4957 766 4291 1360 3824 1146 3348 673 3499 2973 3309 2502
247
292 1578
4963 2261 676 736 3462 3899 4588 3423 4106 3620
288
295 534
3686 1700 1052 4014 1933 4979 1735 2901 3818 4287 1885 2905 3249 4765 3005 2687 2571
295
732 1182
2898 289 3108 2793 1455 407 442 1527 1125 2166 700 4773 1406 835 4686 4853
279
488 1839
2054 772 2289 4463 3904 3750 2033 2347 1473 1592 1526 3133
289
119 452
2907 1788 3858 150 1431 832 3290 2276 2677 1477
296
736 1514
1872 819 4005 4819 748 285 4383 3056 4122 4390 1205 1678
266
1387 1163
2810 4303 4885 3433 2974 4678 3343 3099 4825 2189 533 3287 2471 2854
295
870 1330
1152 1535 982 1908 3563 1876 4879 3874 3246 2203 490 4691 3271 1836
299
473 320
1760 2334 156 2961 1408 3915 1043 1984 1669 3766 1945 4987 1068 3669
282
642 79
1985 3780 1671 1282 1504 1870 765 3093 3243 4203 3107 3403
278
1626 1376
3717 3969 3940 2789 3412 899 2363 3936 2707 378 3004
272
750 1318
1988 626 288 1566 3983 4211 1564 4969 3214 360 4975
237
1379 1054
3239 3240 2240 1551 2321 55 2345 3257 3666 1281 526
299
98 1084
2865 3014 4222 3973 4373 3322 4350 4347 2602 3481 2809
291
1473 1341
4329 2662 2367 1059 4795 2296 1219 38 3400 4747 440 4128
282
1826 887
4949 2258 2779 4537 185 2352 4387 3312 2853
277
916 281
981 4735 3727 4396 1145 4276 3843 2081 3898 4788 1475 1250 2583
264
1102 158
3803 464 4016 4767 3291 2435 3054 2605 2320 2867 890 3966
256
116 882
3411 3119 1009 804 3879 1344 4944 1456 4020 4255 760 3235
220
970 934
3019 1509 4764 1163 3851 3024 2933 654 4985 2926
297
299 116
284 2154 2636 2874 4510 4687 895 4453 1860 2133
299
989 1524
4576 1590 3199 4670 310 3700 4581 4913 2223 3270 4081 755 2141
204
820 1777
1875 2059 2253 3124 4191 4484 1301 4806 2968 1597 1171 610 4525 4435 1415 400
251
1773 1526
4353 1757 496 4247 3868 1657 2931 4152 4252 3033 4478 2959 1057
161
928 1480
4612 3302 716 401 643 377 4379 1935 2569
291
1051 1748
2340 4311 1600 994 4994 4090 1445 1560 4340 3588 4328 1778 3401 980
269
345 87
592 1727 3445 1599 2607 2295 1160 4119 1141 128 3970 3836 1181
299
524 1483
1226 4083 2159 508 4094 251 539 1711 4280 1490 843 3792
232
704 1805
1279 4208 3848 3925 4036 2510 1567 2808 4890 1628 3456 332
284
597 967
1675 3090 4159 2872 3358 817 1771 3464 467 4462 1019 2165 1697
291
1850 1045
1883 4127 3668 2999 3770 1336 2691 3504 3300 2361 2439 2110 4053
300
1281 1914
3470 650 3165 4852 3562 4366 2843 1103 4546 236 1136 888 4650
277
1937 287
3498 2344 4009 4483 4577 3023 133 434 4626 4834
289
1796 1095
3992 3258 4535 3236 184 4597 1849 4455 380 1235 131 1256
284
820 94
1375 177 4821 629 1109 1519 630 708 4017 3725 21 1110 4466 291
278
120 208
3331 2094 1175 2083 1914 402 1859 1963 3576 3471 3555 1791 9
298
1321 587
1000 2043 1784 420 1493 1800 2552 2300 764 4088
285
1227 775
4112 4136 4447 2856 3225 986 3558 1511 321 3338 2064
273
1850 1862
2509 3718 2224 2798 2458 1085 1058 2639 4594 1715 1909 767 4802 1224
294
1019 1294
293 1576 1318 2006 3861 215 2462 4613 487 1245 781 3268 3382
269
1084 729
3363 2197 2650 3595 3681 936 2209 4445 1063 3531 4035 3512 2331
264
446 89
1968 226 3913 977 2179 562 1342 306 299 3083
295
1386 1924
339 3446 2848 722 1036 1503 3566 278 3709 1286 4620 3234
287
1748 1665
1237 4164 2308 2860 1625 3197 2267 10 4923 3720
297
1931 1520
2562 651 4123 3738 4241 1117 1863 927 4754 3685 829 660 2815 4783 4542 2710
244
292 1905
4228 4757 1522 4315 4384 1983 1710 1273 4891 3887 3200 4210
278
1385 1215
2016 3869 2964 1217 445 1177 2949 3530 3333 390 3583 1798 940 669
234
1949 742
2924 2421 3814 1352 2371 3996 4200 4797 4030 1304 1200 4234 2829 2292
284
90 949
4237 3651 134 1162 4939 1737 3631 1297 1733 3112 1491
296
211 420
4488 3396 3308 2584 2256 4823 3644 1426 3275 4361 2394 4324 3849 4248 1343
278
769 201
2635 1974 4693 2927 2548 1591 3121 2684 2875 4971
292
1398 786
151 3722 2419 2804 3741 1476 3129 1728 1243
274
892 608
3173 3046 2370 3636 3088 1137 867 2461 1391 4858 3069
278
956 403
1891 3732 4415 1942 47 3016 3577 40 276 2831 3713 1351 3104 4624
263
912 1434
4369 2786 4440 2543 4704 2132 1843 2168 3942 2790 1623
284
1015 1160
4931 4051 4086 3342 3871 1280 1001 1186 727 943 2332
270
825 1222
1341 815 4007 731 323 4720 1612 740 178 2580 3447 821 2242 3691 1337 2417
218
1462 1282
4983 3458 985 4281 2096 3414 879 4370 4749
297
636 1995
17 1276 111 4175 2799 3585 1257 4927 4263 109 2612 2085 290 3479 1574 1723
275
858 711
3135 427 4718 39 4026 2526 929 3809 4712 2400 3346 937
284
269 1305
2960 989 2014 4091 1655 2755 274 3486 1611 2218 3063 4345
300
1908 1907
2539 4902 4129 2235 4731 2751 4711 3776 91 4835 1949 3110 1405 4423 1756
291
424 823
3958 2470 2525 4772 2018 4725 2935 3989 2412 1606 3834 3301 4403 2182 3757
275
1364 1287
2291 3114 2589 2771 2084 2812 4105 1482 4574 4446
278
1168 1424
452 2233 1451 2211 3244 2880 983 3505 2730 3557 3756 4124 3341 1934 1480 3514
277
261 1949
1202 4496 4382 324 1952 1397 2577 2390 2194 318 2516
281
1280 152
1766 598 4837 4375 89 387 2861 372 3280 787 2488 4524 4032 4344
245
381 1921
2231 1124 2303 4424 4828 3771 1484 1997 528
288
49 675
190 2126 451 2764 3365 2444 3693 2984 2564 1278 4991 4559 3438
276
1625 1113
3938 1293 4553 3028 3413 3900 3790 103 1528 4010 2640 2386 2323
254
862 1999
4404 846 3518 4566 2547 4848 3157 3943 3389 575 4918
221
1975 725
130 482 2709 1466 713 1055 563 3259 4955 4745 1525
271
1912 1629
2989 4722 3819 4479 3902 1028 4744 4938 3229 1799 3340
284
359 721
966 3175 4636 3618 2255 4673 4865 1840 2029 2738
266
1876 1260
637 2998 2630 2050 2742 1529 3219 267 2447 4087 4780 2497
300
1012 744
110 3564 2934 172 1251 2472 4596 3263 2551 1440 2763
268
841 503
1596 935 3587 4629 3444 1879 4065 2971 4509 2294 1132 4309 1605 64
277
571 539
3844 2299 1705 2941 2574 478 2628 3964 3678 1283 1069 4325 3785
292
184 179
3515 703 3118 2522 4522 3288 1370 2067 3840 2883 4538
290
589 909
353 3892 1761 3763 1593 3231 2660 1902 3454 4659
210
751 638
717 1980 2727 4695 1053 3020 2157 4206 3196 3040 1073
295
832 995
1170 3417 1734 3041 174 1731 144 11 2313 4785 3126
297
255 1148
1685 2190 4544 4205 221 4529 2113 3560 2920 3050 3480 2082 3639 4213 3829 435
294
1217 739
3455 2310 3941 4841 4972 3453 4912 2514 13 2388 2287 4814 4116
296
1393 1565
62 3141 1291 3559 2559 3979 4617 3436 2027 3602 1382 1060 2983 884 3684 2086 1435
269
1609 1810
583 2500 3132 1026 3297 3166 2318 241 3807 78 4726 2410 247 3252
269
1946 1918
2939 1689 1805 2099 3103 4283 4013 4322 889 1221 1489 4903
297
1757 1253
3625 127 4843 4567 4545 2284 2576 2850 2857 2531 2468 763 571 2567 1912
295
311 1608
2818 1970 3084 2991 2075 894 4739 4671 3087 967 3138 802 2245
285
669 1835
3293 4608 1144 1215 3195 3279 4041 4685 126 4474 2434 863 2227 2170
252
1174 687
2646 1683 3281 139 1835 4417 957 43 1479 4557
272
871 92
3875 1895 2685 922 4781 2642 2066 768 3703
196
1024 1819
1018 2036 4579 775 3210 793
104
8 845
2277 608 4052 4752
140
9 1458
1332 2828 1703 1478 4632
185
1702 1970
1114 595 3472 1438 3161 3542
171
1291 1305
3692 2172 4047 1920 4493
211
1561 160
2073 810 1032 345 2896
186
1731 617
1046 3450 4513 1319 3920 2375
227
1981 1546
1461 2142 1302 4504 1274 1365
195
1685 5
1739 3030 1910 3260 2524
161
1858 1893
718 1166 3821 1854 3517 123
263
858 1750
3407 245 500 2491 3971 1664 1071
199
491 1424
3675 3593 3097 3591 2374 3674 3187
218
1413 1613
2023 4294 4882 4371 3949 3527 3094 699
291
1571 1302
2980 4401 3010 2862 2239 4582 2357 2631
239
945 769
2555 2335 1720 1158 3761 3372 4898 2251