3
1400
1368
452 211
103 134 109 67 59 50 65 43 63 56 54 60 48 45 64 37 35 42 49 40 38 53 57 66 52 46 58 39 68 55 51 61 44 47 36 62 41 120 102 125 110 106 126 118 108 131 114 124 128 116 104 105 127 130 117 132 107 113 122 112 111
1397
255 351
82 99 71 78 98 94 97 74 95 92 73 86 83 77 197 176 184 171 169 185 168 186 192 172 200 198 195 4 194 175 179 23 12 17 25 9 33 6 28 13 18 10 3 8 7 32 21 1 26 22 31 34 20 14 15 24 27 19 29 16 11 30 5 2 188 173 189 174 177 187 178 199 182 170 180 181 193 196 190 191 183 79 75 91 80 85 101 76 87 84 90 81
1397
493 477
165 166 154 139 149 151 137 163 142 161 160 148 157 140 145 146 162 147 136 155 164 153 144 167 141 138 150 152 100 72 69 96 93 88 70 89 121 129 115 119 133 123 159 158 156 135 143