6
700
498
765 265
53 58 39 68 55 51 46 41 62 67 59 65 54 56 63 43 50 36 60 47 44 61 52 66 57 48 45 64 37 35 42 49 40 38
412
494 528
160 148 157 140 145 146 162 150 152 138 141 167 156 159 158 135 144 153 143 164 163 137 151 149 139 165 166 154 142 155 136 147 161
457
218 399
91 80 72 69 88 96 93 70 82 81 99 89 71 78 90 84 87 76 98 92 94 97 74 100 95 83 86 73 101 85 77 79 75
661
418 246
114 124 130 121 127 105 128 116 104 123 133 118 126 106 110 119 115 102 125 120 109 134 129 103 111 112 122 113 108 131 107 132 117
623
206 629
200 198 195 4 194 188 175 179 5 2 30 23 12 9 17 34 14 20 15 24 27 19 29 11 16 173 189 174 177 187 169 171 178 199 196 190 184 176 191 182 170 180 181 193 183 197 185 168 186 172 192
178
249 723
32 7 8 3 10 18 13 28 33 6 25 31 22 26 1 21