155
300
284
636 408
4546 2039 4929 919 2819 1300 4525 1144 182 3675 4802 3419 3343 377 4152 3996 2197 690 3448 1942 4718 3834 3476 3908 1117 152 1554 3174 744 2990 3987 1670
218
740 418
608 479 392 2672 428 784 105 2078 3702 4476 107 2733 3278 1553 1652 4000 3754 2107 4977 1656 4217 406 1235 176 4462 1495 1628
282
314 166
3974 2968 1578 356 2291 2120 3089 4499 2011 1707 1425 4032 3700 99 714 655 2619 4092 3367 212 4919 2999 2211 1039 2558 2965 4143 480 4434 1261 3495
299
426 482
3788 12 3632 3311 595 242 4113 4319 1298 1007 2769 2069 297 1632 4749 2176 4956 4860 4600 3091 1899 2026 953 2038 1732 4701 6 2049 4199 2127 2375 3872
286
432 212
456 3011 3803 4591 4660 683 166 4353 2281 3682 996 2275 2253 4711 2414 2125 2394 3298 792 235 1513 1917 1775 3762 566 1146 3069 4513 4907 3373 3624 4225
296
14 306
4810 798 2237 4553 2148 2438 1060 645 1362 3040 3043 837 1077 3517 2759 1871 4243 2914 1237 2351 1772 485 2492 3377 881 1537 3938 153 33 4705
283
714 539
873 1582 945 4153 98 2419 149 1000 3490 93 4731 4442 743 2355 1299 1756 3498 978 4948 930 2426 2045 1922 1468 1358 1312 1324 1878 4066 2033 4321 2544 155
282
485 508
1588 2692 2866 1205 1700 1186 3389 3088 3721 629 979 139 2259 591 4171 1227 2252 1653 1038 2095 4509 583 935 2528 3018 4881 3223 2993 794 1343 785 1583 4741 4829 3146
250
517 599
3348 2390 3528 3976 1214 4206 3503 1915 4743 291 3695 4436 3514 4178 1260 544 829 3573 564 1106 4666 425 1519 2726 3439 4040 3342 4771 2177 3056 4895 2901 127
294
350 311
3488 807 4788 4632 118 1203 2160 1393 2744 2268 3136 146 1747 1758 3805 3941 1696 2710 2071 3588 2182 934 3850 382 4393 2342 2616 2113 2073 3105 1011 2844 3014 302 3656
246
186 110
266 4165 3491 616 1016 4216 1913 41 2152 3627 3862 936 2412 1992 3935 3582 4077 1591 2930 4814 4539 1544 3232 1022 3667 2877 2058
291
229 222
3919 4246 726 4009 1104 2290 4366 1070 2525 4139 1559 1329 4251 2665 194 1346 4720 1498 1378 400 2112 336 59 2231 4850 3345 2499 1940 2740 2428 1898 3552
262
562 656
1518 520 1354 1078 4942 584 4586 95 2735 4807 2677 990 2400 4668 1397 376 4263 4256 2847 3071 2707 4535 2922 920 730 3629 509 4894 2620 3645 2064 4035 3586 2852
291
510 482
3559 2600 2945 3029 412 2046 4435 1123 2576 2617 2703 1754 2091 1510 219 964 1387 4397 2532 2859 4358 4207 2285 2008 3251 4762 1368 2540 3643 282 4354 3565 3410 3032 3421 3738
294
422 685
1644 1855 2676 2580 3904 2591 2145 1831 4259 4638 2303 3095 749 2837 4765 2996 2168 1765 1315 3731 3519 157 2234 3922 3994 638 2014 3051 4197 4734 2136 3458
279
11 107
4568 4261 1416 4717 4330 4951 3470 2907 1779 47 3828 3336 4136 2200 1209 750 4754 4912 1886 2781 3162 3684 649 625 2249 1338 2790 549 522 3598 3058 4715
282
334 316
3979 2519 3072 4310 1612 4363 3889 4110 4057 4052 323 2016 1180 1075 4703 717 3179 1471 901 4972 4043 4515 1884 1098 3057 200 3239 1337 2839 3733 1853 4341 2439 765 2564 2514 1848 488 871 2502 731
295
602 263
3547 4832 817 10 553 335 4482 1828 1311 2883 3631 2337 643 740 3636 4428 3641 76 3999 2464 2081 1426 1970 1394 4241 4280 1695 2377 1971 623 1708 2053
290
519 185
2577 4694 4379 4371 1331 3534 1344 135 2494 3737 2637 1458 4037 940 4253 4420 3357 2720 1926 3026 3555 3548 2497 2668 413 3590 2131 3299 1897 2111 1896 1163 408 4260 3139
288
625 341
2021 4242 4864 4959 3964 3535 4745 3570 2198 1713 4472 4492 3496 1580 4859 1141 3474 2190 680 2584 2736 1183 1635 4644 68 2893 2173 869 2024 1937 32 3099 206 4875 2786 2242
298
379 669
1388 965 2075 3603 4219 1699 1277 3371 4326 1464 4460 3640 3433 1943 1211 1864 3390 2403 1929 4112 3085 1993 1560 510 124 1166 742 622 2360 4295 1761
285
451 777
4307 2037 621 3545 1533 3891 1215 1073 11 3203 1966 493 2626 3866 1429 4298 1359 2660 1372 4229 4630 1213 1879 3134 4873 833 716 538 1115 2716 3467
300
509 89
419 2813 3380 700 2489 593 2329 1226 437 3478 3100 3836 2908 304 1063 233 712 4522 2362 1071 3815 1594 1452 3334 2775 2312 3349 2452 3596 1999 3285
297
287 599
2458 3417 1445 2346 395 433 216 2582 4375 2664 207 3296 1415 450 565 4681 2674 4642 4150 3707 1316 4324 3775 4506 550 4415 4320 4967 2739 4400 2655 4857 4228 324 4065 2297 3673
278
425 233
1376 2715 3418 1072 4589 1029 571 20 3526 913 3584 4876 3948 961 3306 2520 551 2141 4505 1375 4388 3956 2330 2970 209 1567 2318 640 774 374
296
231 377
1545 1454 2454 752 4361 942 4631 3885 3177 1155 2723 3593 2583 4313 2076 3531 4041 2503 1121 3691 2387 2762 4249 4870 4403 555 2180 2429 438
283
16 548
816 3925 3036 1248 634 265 2581 4537 1857 3288 2215 86 4619 4125 494 2314 2098 2317 4129 1156 3506 651 907 4224 4544 4376 4742 2713 2756 3253 2511 1812 1860 3597 1272
287
164 281
4952 4374 2371 2684 2909 1549 4830 482 399 4678 2284 3238 17 3309 39 4409 1750 3479 4617 2870 588 4750 2357 4373 474 3351 2699 3031 846
292
178 482
2406 3536 1726 2510 424 3736 1110 3759 3954 3382 3699 4062 3041 2295 2918 2199 2737 4728 279 4369 4927 2027 776 3875 446 609 74 903 4821 3068 1443 1526 894 4620
281
557 90
1965 2632 4693 1729 773 1137 1006 4969 1685 1834 1546 976 4468 421 72 1317 1936 547 1266 3916 1332 867 772 1197 2958 3613 573 959 3522
288
397 141
2719 1134 2884 4473 4408 69 2631 2609 2123 4293 532 185 148 2486 542 4950 3438 4820 2339 515 156 3962 3297 3585 2398 1314 4500 727 2618 4670 1276 3599
281
54 28
2921 4793 1138 1823 4141 2614 2636 1094 602 2572 3751 370 561 4764 3346 4448 2372 1059 4623 1222 1780 4240 4786 3822 2101 1129 1662 1767 2651 1643
283
465 676
4937 1769 2693 2397 719 4356 1521 1981 781 3375 3572 3800 1629 325 678 3198 4210 2391 1847 1256 4050 2648 603 4394 4193 3952 2666 4339 3358 3905 4011 3477 758
291
527 333
1657 796 2062 2934 3625 3998 256 2002 2569 4277 1061 2927 905 379 180 2543 4387 4427 3515 190 1496 3558 3516 2488 4746 1952 436 2545 2240 2301 1173 824 2032 113 4760 2022 2424 3028
281
409 650
1916 307 1423 1776 4411 756 4598 2628 821 761 832 922 2704 3240 2035 3294 3214 18 4055 3601 889 4798 310 4813 1208 1045 3391 3543 2463 1034 2605
297
109 660
2761 4357 92 3361 1281 1646 2561 3386 1367 1709 503 2794 2443 2153 3302 1690 2565 1959 1781 4195 1184 3687 1516 3727 1755 4941 2708 104 4456 487 2338 4885 2546
293
304 775
4164 3055 2157 2202 3887 4005 4949 1396 771 733 2097 800 1664 1667 1373 513 2496 4521 2751 701 3949 331 1093 4012 3878 2904 2309 71 3709 4168 4367 1883 4191 4064 3493 4508 253 4903 704
260
264 557
3743 2509 3902 4292 3930 2571 4372 3715 1181 1988 856 321 4580 4103 4782 4020 4269 3137 4524 196 4839 3893 3671 240 3412 4173 2256 1825
253
713 698
2768 3798 2635 1910 3153 4836 1784 1177 1986 2615 362 950 390 2456 409 2163 2611 3150 2128 4053 2588 3658 1189 4034 2702 4684
292
692 637
1766 4190 2800 3980 3188 3662 3651 662 1198 614 4710 2575 642 3 4636 2849 830 133 1384 933 2642 2823 3817 3059 1116 1723 3981 313 2709 1557 973 1350 2201 4547 2269 175
267
500 396
3130 530 4033 3600 2772 2836 4581 486 2274 3407 904 1688 457 1705 2373 181 4911 896 3717 921 1460 2807 1998 2034 3989 3122 4430 1062 4306
299
485 173
1523 3383 4390 3852 857 3542 3443 4827 2553 695 1218 4939 770 2060 108 4045 1512 947 2040 490 1710 4151 646 1125 1574 902 4869 1436 3620 1046 1659 3456 845 1057
298
490 716
4974 4686 4565 2161 4073 1738 65 787 397 3293 160 3165 3928 3154 1418 1768 4271 2220 1413 4662 1719 401 1295 2476 3049 1862 1782 1080 3842 4516 4792 2748
274
195 736
492 2019 2133 4275 924 3353 1492 1475 4719 1297 102 4643 2361 906 4488 558 3794 3587 2939 2915 3168 880 1210 696 3740 2326 3900 2103
294
117 154
2701 4871 3093 589 1257 1052 2881 1202 1240 4614 4416 2986 710 1802 144 1733 605 1288 3247 3061 3785 1875 4838 3921 502 4758 1151 439 101 1391 3608 2853 3434 1349 677
296
79 424
1602 1273 3855 318 1032 504 4635 1674 110 3282 2090 3929 4915 1711 747 122 1360 2734 958 673 2178 3848 2366 3063 4346 546 4780 3730 1819 3379 1511 2864 4548 4479
298
276 112
2567 4775 648 2594 3450 4689 4412 4862 339 4484 2100 1494 1374 2048 3142 4254 708 4543 345 4010 319 3081 3647 2634 192 535 3090 3304 1336 2155 2678 477 2478 3657 3428
278
111 181
2898 3015 2473 949 3525 3159 1535 4955 391 2437 4449 1997 3394 3746 3272 4131 3054 444 1890 2523 2971 2988 884 2653 431 2139 858 1712 992 4345 2262 4599 4322 2671
292
491 383
3121 1267 1762 1025 3451 3833 1285 2105 2966 1836 1380 536 4946 4773 540 1170 1090 754 447 245 4262 910 126 1444 3207 1201 2410 115 3242 2773 299 3484 333 3030 1932
290
620 301
4970 3116 3460 1577 4661 3104 4027 286 3176 3400 1105 1264 2531 466 2722 4893 295 681 2189 3131 2801 1247 779 4817 2841 3819 131 788 876 463 4866 4729 2673 2283 3648
265
111 709
4475 4651 1199 671 656 2044 3609 1470 3927 2165 3851 3583 2689 3557 1548 2845 1147 1395 3006 2130 3864 698 2645 1630 2562 4157 338 3005 1830
295
147 220
2991 4127 592 3144 1787 2538 3393 1474 303 1370 2481 3189 1615 1906 35 60 2370 2378 1589 91 2 4676 4896 4934 1543 381 429 4624 4421 3511 2207 4312 2606 1275 3665
298
86 771
4086 2356 4096 3607 4845 1722 4489 4024 4932 4616 1136 3750 1881 2806 811 3408 1182 2659 1074 3117 1404 441 3118 2811 1620 4134 2832 226 850 4936 4018 1979 459 3173 3635 667
298
759 222
4316 349 3097 3811 4579 1972 1435 853 3787 4128 512 4231 4784 2047 361 1637 2383 1095 1504 2218 3094 1889 2978 918 4100 3668 2119 3846 2333 4410
296
78 218
2455 327 2948 4252 1229 1124 3281 3757 3497 198 4495 3123 618 1233 4017 2092 3167 202 2754 1962 4799 1536 1600 2229 1403 3126 3932 885 1845 4501 2444 4886 1639 136 2776 1730
295
217 403
3405 4690 1759 159 3301 887 1411 775 380 4835 517 1727 2085 3706 1262 2895 416 2405 1042 687 3115 3441 1611 2850 2205 4947 576 3140 2880 4854 3191 562 1339
267
348 37
1027 1479 3705 1085 3249 4265 4721 1191 635 4634 4457 2030 2171 2721 1850 2020 1015 3308 3413 3692 2364 4770 3035 2518 1477 4480 1212 3184 706
240
248 472
3264 4235 1517 1792 3077 4038 763 1301 1839 3690 2321 373 702 802 2036 2698 912 4419 1679 1503 2830 4158 4137 2263 1234 426 3504 548 736 4674
292
763 736
4560 4740 2827 66 1405 204 4347 835 1427 1856 244 3637 4019 1763 2334 4299 1383 4466 4597 1618 1303 4338 962 3330 28 1692 130 3406 1036 3786 3370 4444 4504
265
731 100
1449 1112 4655 2316 657 2265 3602 975 2890 357 172 4569 3409 3634 3990 1447 810 3957 4233 4785 4917 2146 1757 3292 3533
282
772 712
4115 3977 1540 418 2961 195 3079 1355 3909 2917 3840 296 1958 4202 4673 799 1969 4301 4558 985 4406 4828 3895 3659 3649 1603 4576 1814 3009 1480 2925 1748 2043 723 2835 4757 607
296
271 514
322 1440 826 171 3674 3034 4538 3277 2433 637 2929 600 4336 4453 1031 467 1721 891 1111 3074 2065 1402 1417 4056 4511 1442 112 3683 128 458 1255
258
166 141
917 1488 814 449 4867 2251 4783 1572 3758 2313 2534 384 3119 782 4530 4789 2480 2824 4305 3397 1330 4364 13 2368 25 780 1009 3619 500
296
664 324
4633 2446 1581 1573 632 4708 3698 1455 4070 4957 4657 4767 4392 4308 4296 3894 4819 1369 1951 4561 3459 1624 585 939 1377 4777 3221 1174 769 3958 4071 4490 2894
297
609 767
3871 4335 2159 4226 1245 3606 320 1008 2505 53 2221 1691 654 4234 1221 2555 2987 1321 469 2315 4289 4532 1128 1941 4938 3646 2997 734 481
294
769 295
2471 351 3209 3767 3268 1352 4089 3384 1817 1289 4712 1086 1192 1682 2015 581 277 4877 132 3808 3424 1486 3562 795 85 1621 2690 984 3792
284
664 30
2017 79 2976 2298 2869 1322 3106 524 1252 2862 4426 528 3604 4493 3231 4861 1 4302 1595 2941 1842 4405 1885 4477 2650 1908 3076 4540 1599 4208 3752
288
348 532
2402 119 1840 1461 3027 4796 3403 2307 3002 187 2501 2920 2621 3984 78 495 4593 3111 2267 2542 2960 3605 4386 1238 1640 4536 2435 3254 2204 598 4189 4843 4909 1473 4766
285
47 314
2500 1948 1366 4531 1773 2104 454 326 2246 1269 3020 3426 3320 1313 3769 4 893 644 3066 1230 3319 967 2892 4291 969 844 3372 1900 4340 4196
299
70 109
3763 4890 214 3806 2084 3092 1921 1954 396 2279 1033 4575 2843 993 4849 768 3870 3896 4795 1843 1676 630 534 3638 4097 1740 2803 3344 2599 3931 3628 724 941 1950 1841 1342
294
697 191
471 1515 1570 2386 3554 1596 3245 1809 4517 2122 405 3943 4659 2408 4413 4162 4455 3745 4523 4901 109 3837 926 4815 3820 1385 285 840 90 1076 1991 3257 1307
290
393 740
1308 4962 647 1379 1774 4747 3934 4463 929 3653 2755 4594 3025 70 448 4471 2602 3546 931 2669 4355 2897 16 1832 1778 1957 1254 2206 4851 4146 2711 1135 4362
268
49 297
67 1655 983 4637 1558 4809 179 766 4669 4401 514 577 215 2472 4351 3681 2633 2792 1566 4359 4778 3886 737 4768 3385 4852
296
225 588
2484 1200 2810 606 1131 2029 1874 4752 2258 2533 3109 3680 1250 4081 4222 1835 3045 3364 4360 293 4905 1126 1485 641 4564 1586 1242 2573 1142 2688 1014 1064 1904 4682
296
498 645
3801 783 315 4015 3273 225 1736 3138 2539 579 239 1305 4438 4577 3414 147 786 4467 4590 2985 2009 3903 4404 986 1634 4570 3256 2289 1833 890 3042 4048 3655 3810
291
718 66
1949 2874 2230 1154 972 150 4454 4572 4804 2427 4223 2010 839 3186 1743 3267 3096 445 3781 711 4567 541 4270 4733 652 1813 674
293
773 137
2969 75 3481 1161 1284 3310 580 1169 2248 114 3318 4464 1651 1668 715 452 2181 1961 1351 916 1239 4046 908 3741 3004 2763 3416 1148 3986 705 31 1140 472 4044
292
196 570
4574 3008 2629 2349 4013 2529 868 3696 432 4880 3050 4520 363 2732 1225 3279 1482 4943 4646 1924 3779 4761 4918 1483 2271 125 3945 1434 3589 3630 2416 1964 1019 3917 4753
291
240 733
650 249 620 4491 527 3830 3551 3083 2657 14 298 501 533 2855 3827 3701 3148 100 619 369 378 189 2752 3224 1462 267 1457 354 2350 1318 2140 3592 1956 2592 2612 4583 4054 3338
295
29 582
2063 3201 2319 684 4494 2604 4082 1919 2916 1994 1912 4098 1870 2879 4049 823 4841 2425 3164 748 801 898 3576 1876 4008 1472 820 2323 848 4607 3483 892 3883 4527 1463
300
732 503
1563 162 1505 4502 1645 3423 2522 3735 2973 2374 470 4099 995 3566 1030 2186 4304 163 1745 3577 2132 2331 3861 4781 746 1838 2805 4496 3777 1764 2244 3151 3313 997 1035 2440 1171
296
353 109
2184 2277 3039 3912 1175 2096 3354 2341 836 1702 3766 4220 4227 3732 511 1108 478 954 3824 3472 4611 4437 1642 2882 1451 308 1872 1514 2050 203 1714 1361 3080 280 2382 2348 4834 946 367
300
584 157
3946 3362 1219 804 633 1623 1334 872 3457 275 3075 2940 3633 1967 2241 3849 2469 877 2799 2746 3615 721 4844 2967 3797 697 2459 3205 3489 1561 3764 129
292
72 294
4311 1438 847 2250 3366 3714 57 4023 1265 4104 9 2208 3067 2491 1716 4563 3211 491 3355 3250 4349 4447 3172 825 1113 4021 2345 440 443 3000 3300 762 2138 2975 1258
287
637 652
3716 659 89 1296 855 2354 3995 703 3236 3420 2537 3652 1327 4030 4424 813 4908 653 1539 1678 2154 508 3192 3157 1858 1687 2793 3452 1593 1739 3966 4026 1681 2821
285
489 736
161 738 143 4332 3332 2513 386 4592 2124 484 1604 2166 1863 886 3010 3469 1099 270 3261 300 639 3275 2541 4487 3315 4318 1665 3873 4601 4283 197 4964
296
357 505
1020 3255 1348 261 34 732 2005 1798 4147 2585 4072 4727 2222 499 2977 234 2445 2257 1507 1649 2938 3937 4542 3187 83 3899 1641 1793 2950 4080 4801 2025 3858 4140 1859 2336
298
520 494
1982 317 2311 2727 610 3997 1571 4976 4606 1613 2589 2294 30 4106 1005 287 2066 2560 3614 1194 3529 951 4470 205 2363 5 1660 3756 1903 4093 1130 2521
282
612 208
4214 309 3959 3778 2779 1607 2174 1489 430 1048 221 2320 3171 1569 2086 1822 2235 2004 1938 2840 2117 3260 560 3401 1282 2247 3303 4257 398 720 2798 61 3128
254
565 559
4800 1622 4378 2072 4031 3544 4735 4343 1058 26 3816 2559 4803 2640 963 2989 2239 3178 2682 4968 1851 4118 3216 1231 1167 3169 3770 3669 2417 301 1412 1751 3923 4232 3378
256
11 482
938 1398 223 991 981 4695 332 2838 777 1320 3973 3321 3844 2385 2483 254 1689 1287 1159 3747 3507 567 3317 2296 4692 3888 4791
297
305 214
2683 177 311 3436 874 1905 4663 141 4237 3591 4114 3098 1718 4272 3276 4091 3156 4920 3538 251 238 624 1253 3782 3734 3865 4649 861 1531 1894 2590 2194
295
333 398
3612 4914 2142 2282 3742 1323 3193 3845 2082 1066 3133 1244 741 2603 1978 3890 1524 4722 3471 1609 3713 3429 3365 1157 3213 2595 849 45 3158 2919 3135 4282 3152
292
258 694
3567 1158 2964 4744 3233 2079 2548 2457 4108 81 944 3442 682 3537 1935 1023 117 4382 2863 2468 4899 2574 372 84 596 4555 2023 1818 2630 4656 1021 52 3622 3195 3190 3048 2842
271
491 310
3396 2857 4036 3404 2828 2365 2685 2743 255 1293 4004 165 4138 2415 4370 2872 1389 852 4831 417 4702 2057 213 4155 545 3726 2944 3482 288
287
586 73
3877 587 2808 4398 1923 4200 4418 1150 1753 3821 4566 3968 306 728 2028 1469 3466 4368 4596 4925 263 3248 2451 3791 4176 346 2436 138 1852 4007 4615
297
373 386
4688 2409 2041 4051 1139 4904 2188 2352 435 1925 2187 627 371 2745 4380 4075 4883 2266 4377 692 2056 3392 4926 2109 1067 3329 808 1243 3163 410 3087
296
267 287
4772 4978 3728 3473 1551 3520 4507 1829 1797 3368 1810 2885 4868 1568 3617 4679 4891 2389 3723 2475 2059 350 2780 745 569 1268 1220 2557 2164 3411 2623 1054 3196 2448 403 1037 4067
288
530 762
1431 4166 4975 909 4551 1501 4921 151 2778 2956 4794 2134 570 4691 2156 1065 2135 2401 2431 3813 2856 1837 4529 4107 4003 1815 1525 3823 1026 3776 164 2175
297
349 568
1868 4698 2749 3991 2926 1752 672 3569 2118 2662 3802 415 1263 4613 4443 3527 2535 3114 3818 3972 1119 2292 22 2001 3663 2694 211 3322 3204 2714 1286 1977 2536
294
387 351
3229 2396 2809 174 865 290 4205 604 3839 1808 3783 2550 1364 1407 2742 3252 2110 1650 4587 3166 818 1179 2765 1345 4685 2280 1985 3879 3960 2343
258
342 209
1508 3924 3064 2758 21 272 230 1092 4248 316 3202 3219 4541 43 2524 4585 3210 1579 1079 4119 911 4266 1598 3022 753 2750 4533 3237 3274 735 1976 1888 4391
292
459 376
1720 1638 4047 688 1176 2796 4172 2826 1534 4736 3993 4824 2644 229 4514 1528 3749 199 231 170 2982 2947 3524 4006 2563 3575 1807 4156 3222 2868 2149 863
297
483 118
3038 2306 3970 1803 465 3019 3492 1717 262 3563 3445 994 2643 3854 1100 1741 2889 4790 1955 2411 4584 3124 1891 2587 496 1490 3661 2627 2126 1497 1382 843 4595 4279
285
378 624
3881 1760 3623 3265 4700 2957 888 3765 2214 63 2388 2686 1576 3660 859 1698 4204 4953 4352 1013 4840 3521 3208 842 312 3480 574 1207 2829 3356 669
248
41 195
4433 385 44 2597 1236 2487 50 2787 4645 2061 2943 2747 552 451 870 1680 968 1973 2860 3003 2384 4902 1390 1118 1654
298
147 515
257 1918 1274 4088 2380 3454 4774 1715 1003 4853 957 3642 4440 103 343 1410 2442 2245 3897 243 999 4578 4063 3911 937 1422 2979 1974 2310 407 3225 259
263
698 586
3044 4610 4627 2596 4612 4025 1636 1873 4441 4945 1278 1824 4250 1821 55 3560 1522 2264 4557 3016 4626 344 1770 2376 1877 4290 4519 4628 3425
296
723 588
1017 2638 2420 3568 4218 4811 3047 1082 1880 3988 4961 3780 4287 3939 4083 4609 4837 666 1294 2980 3992 3530 4469 191 4211 3369 2169 1983 268 4549 80 1160 803 2051
254
97 611
1673 3580 111 3947 3678 537 1283 1945 2712 2953 1914 3180 1606 4461 4534 4102 1448 2766 923 358 2935 554 822 3847 473 2983 521
299
156 511
342 4274 2278 1783 4276 4713 866 1228 982 2551 1164 1930 2219 134 4604 3579 4640 3697 2871 4552 2093 927 4239 4759 167 971 3940 1446 1430 679 36 3985 1456 2227 2094 4889
261
520 782
97 3078 3291 4192 1995 2667 3835 2340 525 1187 4130 539 3398 341 29 4323 3869 3218 4069 1133 2304 3241 2482 1347 3621 4105 1861 2137 2705
297
682 570
4971 2568 2467 664 2936 4209 387 4194 1453 1854 1335 1326 3907 1053 1491 2891 3103 2814 77 4238 2974 3539 1960 3444 4028 2848 3942 1356 4856 3485 4315 2613
280
90 38
4198 2902 3437 4629 518 1575 3227 2886 3084 2530 3381 1328 4396 1290 1168 186 3070 366 4486 4888 58 292 3676 3553 974 3825 4518 4414 882 4109 365
297
662 130
4897 137 4002 1675 4058 1550 228 529 2896 15 1127 4672 943 4095 3666 3969 305 2554 2196 899 3287 4122 4423 613 2460 359 94 2379 599 4818 2731 3510 1658 4179
291
625 669
2007 1500 2981 2288 2697 2224 2952 241 1083 1684 294 2962 2641 1686 1538 4303 3704 2730 4245 4652 3374 4389 1441 4812 1310 3755 2822 2695 2888 4797 2791 2465 4913
300
477 258
636 1040 1796 1024 423 64 1484 2954 3337 3446 2876 3206 4497 1706 3234 1944 4933 2654 4737 4625 2129 563 3722 4185 2193 526 3720 2434 2344 4680 586 1420 2466 3978 2508 1249 4650
300
28 704
3760 1097 3215 4333 232 699 4121 4755 1319 668 1012 689 1340 8 3753 2949 4704 952 1735 2959 2931 1587 2087 755 2233 3323 4697 1939 980 3809 1509 1251 4966
296
478 545
1947 3422 2951 4182 1466 222 1826 3772 330 1002 353 718 2003 4385 3333 2272 4402 3650 414 3194 575 2578 1867 2797 4730 4706 4244 2994 660 4445 4879 4161 218 4126 3286 3880 841 4732
295
222 296
3463 2474 3453 989 1895 1302 1049 2984 3262 4175 4924 617 1001 4724 4481 2300 121 516 1018 2077 1694 1882 483 2114 2649 1178 208 3449 54 4458 1648 3185 2328 348
294
46 443
3270 4707 1149 4039 178 3689 2083 3395 217 3359 3435 4068 4059 1145 4654 201 461 506 3147 987 3065 1541 1542 568 4167 82 2526 4429 3200 3305 4878 364 2495 1241 2158 3007
295
213 443
713 2485 1869 3799 3244 3884 3841 273 464 3982 4117 2185 725 123 3578 2099 915 2213 4559 2172 1386 1437 276 188 1450 3013 3263 3360 3112
297
248 79
3486 2687 2203 2238 1677 2549 900 4709 3867 4101 2170 1799 790 2622 1800 4278 360 3944 2946 1333 707 3618 2305 1927 4769 3708 3739 883 928 4863 3312 1693
290
750 550
3915 559 2404 2717 3571 4658 4848 1406 3183 3376 158 2764 4923 1801 1605 2223 3860 1043 3062 4215 1631 2639 3024 283 3432 2299 258 2228 2515 1984 3857 1795 739 476
281
673 762
1663 3686 3901 838 4348 1392 4184 4154 3789 2834 1424 4188 2788 4928 1122 523 1614 572 3967 375 1520 1428 1849 281 42 383 4133 4664 49 1953 1742
283
748 497
1102 2151 864 227 966 4723 347 4078 3831 1552 3427 1527 3512 4344 2287 193 2255 4446 4180 675 2462 3729 1069 1530 3859 3182 3455 932 3175 2903
281
477 520
4309 4160 998 145 1805 1291 4350 4822 3574 1341 210 1585 3564 3082 142 4148 691 988 4562 2108 24 812 2335 543 4855 2507 1481 4973
282
580 42
3953 2741 3468 1532 2812 4116 4872 4159 4163 2450 4639 2854 2875 62 3181 1195 1081 2911 2771 1734 757 676 2308 3350 685 4608 4085 1794
283
726 126
2552 2691 4550 1529 1887 2998 556 3307 1292 1419 3447 1357 2088 531 462 4268 4725 3549 4201 422 4452 23 2261 4016 709 3328 4177 1433 1661 2031 96 3561
276
690 309
1996 2359 2422 1562 4087 1399 1363 4329 2216 468 1724 3086 3670 1933 3347 3672 3796 1371 274 956 658 2767 4545 4763 2652 4618 2658 4571 3920 1047 2598 1068 1892 4588
290
730 319
1089 246 106 2547 2851 4605 1547 3023 1107 434 505 4621 2479 1619 73 862 2906 797 4935 578 1788 791 2566 1279 3532 3748 3052 4900 2276 3926 2116 2179 2347 628 442
258
214 281
3814 2556 4459 1968 393 38 2610 2012 4124 2817 4916 2825 3876 1185 4687 3046 3160 3402 328 4825 1506 1050 1459 3664 3685 4431 2608 2449 1584 1196 3611 4120 3892 2963
296
403 72
3826 4111 789 4958 3335 2054 2067 1625 3793 2924 4439 1909 970 3462 1946 4805 4739 2700 1816 4123 2477 1041 340 2447 4450 2327 2302 2102 2928 2512 3610 4183 1280
299
797 77
661 3230 355 2018 665 3918 4779 1188 88 1920 1987 368 3790 2392 4683 1304 2236 236 3387 948 1487 1564 2358 19 1217 2679 1478 1666 2873 4963 2670
265
62 644
1152 1465 3129 3226 3110 2325 3440 1990 2656 3518 2647 247 4328 4014 4061 3843 3475 3487 3340 4074 237 352 4874 1409 1103 4603 289 3220
288
609 596
453 3505 4960 831 1223 2461 3217 4847 1928 4930 1671 140 2407 827 3616 3499 120 767 4833 1271 2887 3161 1028 4808 3711 3910 4425 3107 809 3838 819 1400 46 3719 2191 2470 3693
299
59 514
3829 3677 4554 3053 4665 1055 851 4060 3523 2663 264 4556 507 4258 2937 1777 2760 4247 4940 1703 2080 4465 2068 2785 3363 269 2421 4186 3644 4931 1084 895 1414 3339 4898 2210
253
318 551
3639 4174 4132 1476 1309 1865 4647 4816 329 2680 2675 3289 498 3773 1493 4079 4327 2055 4285 183 3807 729 4381 1556 2867 2905 1565 2861 3856 2724 4297
291
502 73
4751 2115 3500 2273 3141 2506 1381 759 3712 1980 2089 760 3961 51 611 1866 2167 4910 3868 3951 2381 1499 2441 184 278 1224 3021 7
279
536 396
1432 4716 3284 582 2784 314 3012 1365 3465 3283 1259 1232 4212 3595 1051 3113 3399 3768 2706 955 3212 4286 1132 3950 4528 475 389 3494 48 2150 3933 1088 834
259
254 49
2493 3326 764 3145 2783 4714 2820 960 4334 1467 1101 2770 4337 2423 2696 3594 4264 3316 3906 1190 4498 4582 2777 3327 4887 4748 2846 4922
297
76 362
4203 2625 4641 2942 519 1325 1421 248 3724 828 224 3132 4284 722 3963 3125 1901 2322 4384 1555 3744 87 3258 4510 1246 3556 626 420 2858 4906 2293
282
178 319
2831 1502 1087 4667 914 3971 4602 337 1737 1697 1439 1806 3431 2681 3832 806 4526 4395 2900 4170 2052 3280 590 4300 1701 1902 2725 3863 2661 4787 3127 4823 2607
294
561 430
557 4573 3290 3502 1162 4230 3243 4892 173 1820 3341 612 4255 2729 4422 751 2369 1744 2413 2804 2144 250 2000 925 3155 1989 1143 3259 4503 2818 404 3914 878 4236 394 3037 4648
298
310 18
2013 2912 4882 4653 3388 4756 778 1907 4806 3324 2367 2923 601 4677 1647 3430 3774 1270 3246 1353 1789 2646 670 1791 4090 3073 3001 3784 2286 2972 3540 4142 37 2254 3874
272
195 628
1216 854 694 460 1165 2865 1725 2243 3725 1626 260 2212 4417 2395 2042 4944 2913 1931 3508 388 2332 3804 1785 879 3703 2418 3271 631 4001 3710
282
650 94
1811 1728 2802 2183 2498 4084 2933 27 489 3771 1790 4094 3464 1172 4696 4145 1633 2106 1893 3718 1844 3102 3626 4342 4149 594 3975
273
161 33
4325 4965 169 4675 3325 2899 4365 3228 40 4738 4317 3983 693 2393 2586 4474 1846 1616 2579 1627 1731 1044 2932 3550 4221 2490 4022
295
753 455
3913 1114 3170 2757 3101 2504 1746 220 2006 1610 4076 3461 686 2517 4267 3060 4451 3795 2192 1590 2570 2624 1608 3581 4314 2995 1934 663 2353 3331
291
137 644
4884 3352 2992 4826 1592 4842 334 252 1827 2232 4331 4478 271 2226 3235 1804 1683 4181 4671 4622 1004 1193 2789 1911 2430 3513 2718 4294 2074 4042 1601 897 4699 1786 3541
299
203 691
3197 1056 4399 2070 3679 4512 3965 3120 1120 2774 56 402 3143 2527 4407 2162 3898 2260 2270 1206 3108 2399 2782 597 4846 1617 2121 1204 1749 1672 1975 3266
175
770 30
1597 977 4383 2738 2601 3033 1401 2955 2147 615 1091 116 3295 1096 3199 1153 875 284
265
188 438
4281 2324 427 4288 4432 3688 3017 4485 3812 497 860 3853 3314 4029 1109 4865 3501 411 793 3694 1408 3882
232
779 624
2453 168 4213 1963 2833 154 2753 2728 1704 805 1306 4483 3415 2815 3955 4144 3509 4135 2225 2432 2217 2143 4776 2593
232
701 289
2816 3269 4858 4273 3761 1010 2910 4169 4954 815 2878 1669 4187 2209 3654 3149 3936 455 1771 2195 4726 2516 2795