35
100
92
231 396
85 101 72 80 75 91
91
463 520
146 150 152 138 162
100
211 680
18 13 23 12 19 27 24 9
93
202 687
33 28 10 8 3 1 26 22 6
98
431 256
131 108 112 122 113 107 132 117 124 114
61
453 273
125 102 110 106 126
100
281 385
74 97 94 92 98 87 76 73 86 83 95 100
85
487 502
154 142 155 164 143 165 166
92
241 640
4 195 198 200 194
91
733 248
61 51 52 66 57 45 47 44
77
458 469
159 167 141 144 153 135 156 158
99
208 585
184 185 168 186 172 192
87
729 281
55 58 39 68
44
240 356
70 88 69 96 93
98
182 583
182 196 190 176 191 193 181 180 170
80
197 656
5 2 179 175 188 173 16 11 29 30
99
188 709
31 34 14 15 20 17 25
99
726 226
36 59 50 43 63 56 54 65 60
92
473 531
140 157 148 160 161 136 147 145
69
255 351
82 81 90 84 78 71 99
84
509 515
137 151 149 139 163
95
781 256
38 53 48 64 37 35 42 49 40
75
187 620
177 187 169 171 199 178 189 174
98
414 285
118 115 119 133
89
385 294
123 104 128 116
73
399 239
127 105 130 121
0
295 340
89
37
249 723
32 7 21
0
443 181
129
0
693 307
46
87
677 252
41 67 62
98
217 446
79 77
81
522 275
109 120
78
452 211
103 111 134
37
210 555
197 183